16.17145274235652
14.0317656932733
10.18832544180063
7.175881618108505
5.631573713742769
4.992566793392866
4.572912570757744
4.299544792908889
4.144828661894187
4.0441642969082565
3.979355439161643
3.920984231508695
3.8802274618393335
3.843123368727855
3.812201072008182
3.7831805424812512
3.7598016262054443
3.7303184423691187
3.6964765939957056
3.651868911889883
3.5739613435207267
3.464964169722337
3.352797098648854
3.2551228266495924
3.162432847878872
3.071314823933137
3.0025690274360852
2.9535352694682584
2.9219870689587717
2.9011623370341764
2.8881340271387343
2.8736689579792514
2.862920345404209
2.8524611301911182
2.8448679202642198
2.8367389837900796
2.82647216014373
2.819442174373529
2.811604756575364
2.8048409743186755
2.7985223562289505
2.7939107356927333
2.7861707393939676
2.7803066754952455
2.7738268986726418
2.7663423892779226
2.7627057234446206
2.7585061941391382
2.753444188680404
2.7480092537708773
2.744564337608142
2.7396205633114548
2.7357536340371156
2.72995994029901
2.7288071314493814
2.723793787833972
2.7217252926948743
2.717099917240632
2.7146713794806066
2.7110769076225085
2.7059041475638366
2.7034068352136855
2.70054353811802
2.6958310359563584
2.6931670201130404
2.6908475985893836
2.6870243427080984
2.6836795195555077
2.6809776562910814
2.6774864196777344
2.677344939647577
2.6755930949480105
2.671255582418197
2.6662215024997025
2.6626475896590796
2.6601121670160537
2.6594011905865793
2.655059129763872
2.6525082160265017
2.648096054028242
2.644511870848827
2.639704698171371
2.6359466650547128
2.633068323135376
2.6276283997755785
2.6237054543617444
2.6193646651047926
2.615830892171615
2.6100335121154785
2.6074824088659043
2.6032252739637327
2.5994618305793176
2.594298326052152
2.592344192358164
2.587272692949344
2.5819511230175314
2.576702124033219
2.572758142764752
2.569110509676811
2.5643727534856553
2.5608155849652414
2.557288946249546
2.5527988091493263
2.5492623341389193
2.5456819778833633
2.5415894190470376
2.5399103470337696
2.5346416448935485
2.530865797629723
2.5277445132915792
2.5253941951653895
2.519648007857494
2.5192704689808383
2.514642073557927
2.5122855932284622
2.510185278379
2.5063936588091726
2.5035120951823697
2.5010113288194704
2.4986228820605154
2.496662500577095
2.4933438178820486
2.49290359325898
2.4896252216436925
2.489107437622853
2.4857943608210635
2.4848142526088615
2.4832423283503604
2.4819063406724196
2.4783881444197435
2.4781831411214976
2.4763049529148984
2.4758897439027443
2.475309286362086
2.4719267808474026
2.4703164467444787
2.4712557853796544
2.4684501183338656
2.466990073521932
2.4667404920626907
2.4639702271192503
2.4632451228606396
2.4620168392474833
2.4594078553028598
2.4597283815726256
2.459124485651652
2.4577363515511537
2.456291528848501
2.454983020440126
2.4538033986702943
2.4535031746595335
2.4515904646653395
2.4511045614878335
2.4515915711720786
2.4500760970971522
2.4478941697340746
2.4479801715948644
2.4465432411585097
2.4460558402232633
2.445707400639852
2.4457823985662217
2.443439856553689
2.442578829251803
2.4422888389000525
2.441238207694812
2.440570831298828
2.4405902104500012
2.4394214886885424
2.438435536164504
2.438892988058237
2.438048411638309
2.436215394582504
2.4360824120350375
2.435332035407042
2.4351820273277087
2.436095256071824
2.4355761393522606
2.43335284330906
2.4338820164020243
2.433055565907405
2.4321807898007908
2.4303558667500815
2.430827593192076
2.430778069373889
2.4307927840795274
2.429852993060381
2.428567965825399
2.429433027903239
2.427593414600079
2.4265563182341747
2.4256078830132117
2.4276878100175123
2.4251584945580897
2.4269165075742283
2.4253598971244617
2.424741090872349
2.4243582762204685
2.423592793635833
2.4229440811352854
2.4221026408366666
