16.20130688104874
15.559927451304901
13.747666016603128
10.974690730755146
9.194833657680414
8.324545542399088
7.758714859302227
7.367457988934639
7.093764989803999
6.888622883038643
6.727088842636499
6.601091164809007
6.501503504239595
6.405446125910832
6.336302439371745
6.278715451558431
6.222387827359713
6.1680163114498825
6.12771443831615
6.095828582078982
6.055926041725354
6.022140013865935
5.993512190305269
5.9725015958150225
5.963774595505152
5.930638570051927
5.910955184545273
5.891398001939822
5.878543205750295
5.858774466392322
5.8375282898927345
5.818670187240992
5.801023226517898
5.784873986855532
5.76824594155336
5.75765471580701
5.737775484720866
5.722404235448593
5.70808178339249
5.689284556951279
5.67279078410222
5.657707520020314
5.637624520521897
5.620479583740234
5.604860379145696
5.5937778521806765
5.5796003219408865
5.566165312742576
5.551448174012013
5.536007807804988
5.516044641152407
5.502482952215733
5.48892068862915
5.485233355791141
5.471259765135936
5.455769257667737
5.450722315372565
5.437211489066099
5.440548786750207
5.424499389452812
5.411282490461301
5.401317461943015
5.396595710363144
5.385885825523963
5.377531014955961
5.364594545119848
5.356239526699751
5.347163726121951
5.344981499207326
5.329173797216171
5.315631878681672
5.317597841605162
5.2998857620434885
5.2999509542416305
5.29236843647101
5.275084617810371
5.2676615715026855
5.254935716971373
5.245907257764768
5.244292687147092
5.228150587815505
5.222773466354761
5.219374656677246
5.205218364030887
5.193209085709009
5.185429768684583
5.181219565562713
5.167171698350173
5.159729138398782
5.148584928268042
5.142935214898525
5.128989818768623
5.11919747866117
5.108669672256861
5.10016898619823
5.089115631886018
5.078113103524233
5.068283606798221
5.061146295987642
5.048702423389141
5.040628506587102
5.032710002018855
5.021510711083045
5.013412218827468
5.008203702095227
5.00363444059323
4.992710089072203
4.985464695172432
4.977483676030086
4.974732741331443
4.961794217427571
4.957064408522386
4.9544178155752325
4.942978736681816
4.934236098558475
4.931570077553774
4.922890394161909
4.918829416617369
4.916442357576811
4.907448805295504
4.900018618657039
4.898273162352733
4.890345646784856
4.885101355039156
4.882266032390105
4.877096261733618
4.868492444356282
4.860814033410488
4.8559758602044525
4.8521336286495895
4.844273823958177
4.838525759868133
4.833251427381467
4.829995681078006
4.821153237269475
4.818207422892253
4.812395205864539
4.804633482908591
4.796406000088423
4.793487609961094
4.784652416522686
4.787471636747703
4.7759234721844015
4.770354649959466
4.7665521792876415
4.759006867041955
4.750252980452317
4.743980957911565
4.735405383965908
4.734683819306203
4.727848456456111
4.72045225974841
4.716742442204402
4.7139183557950535
4.717796949239878
4.709488783127222
4.701748517843393
4.69687740619366
4.693160705077342
4.687622204805032
4.686610197409605
4.679728177877573
4.680944882906401
4.674511750539144
4.671029225373879
4.6698150267967815
4.666316215808575
4.666899998982747
4.66185448719905
4.655158311892778
4.652848561604817
4.653746824998122
4.6495860662215796
4.640402402633276
4.640453717647454
4.636659561059414
4.637858207409199
4.636047473320594
4.631543220617832
4.6257111720549755
4.621127104147886
4.6209300725887985
4.617463882152851
4.6143030142172785
4.611719583853697
4.605873389121814
4.6025423881335135
4.600990784473908
4.597829635326679
4.595445033831474
4.596262369400415
4.592261742322873
4.586272423083965
4.588612800989395
4.586484737885304
4.580655794877273
4.577366119776016
4.576276656908867
4.57282629991189
4.569098032437838
4.567138684101594
4.563962520697178
4.5615345392471704
4.559732706118853
4.555573157775096
4.554070717249161
4.550277196443998
4.549260383997208
4.548371412815192
4.543838415390406
4.541494748531243
4.537632392002986
4.532660973377717
4.530479382245969
4.53035474434877
4.530165366637401
4.520697373610276
4.520866247323843
4.513866534599891
4.5141035715738935
4.508288444616856
4.505901666787954
4.500486141596085
4.496682142600035
4.494019911839412
4.490517322833721
4.486925687545385
4.480021586784949
4.47711104613084
4.474025481786484
4.466009176694429
4.4614069156157665
4.458436354612693
4.455298937284029
4.451210731115097
4.4460470737555084
4.440965664692414
4.436239890563182
4.437304374499199
4.433585338103465
4.424611201653113
4.418973299173208
4.41622517659114
4.4082118303347855
4.3997665001795845
4.39330137692965
4.386709274389805
4.380303297287378
4.370686121476003
4.362251440684001
4.348042426965176
4.332481145858765
4.318471382825803
4.298238943784665
4.27839698546972
4.258568641466972
4.237636339970124
4.214042480175312
4.191959967980018
4.170628089171189
4.149275657458183
4.131184963079599
4.1162573129702835
4.096055801098164
4.0814675856859255
4.067744493484497
4.060927598904341
4.043796459833781
4.034397504268548
4.024043046511137
4.014862537384033
4.004429095830673
3.99988116362156
3.9906719892452927
3.982982268700233
3.9771303030160756
3.9713883644495254
3.9649189985715427
3.963172741425343
3.954005907743405
3.9445287753374147
3.9433331917493772
3.9384893637437086
3.9339291071280456
3.9310853481292725
3.9260537868891006
3.919459202350714
3.91640366652073
3.915993849436442
3.908869211490338
3.903467227251102
3.9018296950902696
3.8966498925135684
3.89267189686115
3.888978762504382
3.885086707579784
3.8827065565647225
3.881063455190414
3.8785306368118677
3.8737399455828543
3.871451280055902
3.8671667881501026
3.865414417707003
3.860929024525178
3.8575065502753625
3.8596942119109325
3.852602316783025
3.8483912027799168
3.8459069973383193
3.845527306581155
3.8439867863288293
3.8450638881096473
3.8399220002003207
3.8337422701028676
3.832586080600054
3.8288878294137807
3.827268368158585
3.823643305362799
3.822467088699341
3.8206870617010655
3.8161683816176195
3.8126757756257668
3.812851233360095
3.8093349689092393
3.808180020405696
3.8035844533871384
3.802277613908817
3.8016582268934984
3.800013401569464
3.796504497528076
3.7961329985887575
3.7925100937867775
3.791769804098667
3.7895297576219606
3.7865846218206944
3.7876090636620154
3.78340691786546
3.7857854671967335
3.784664979347816
3.781839609146118
3.7786621069296813
3.7770511981768484
3.775846175658397
3.773993504353059
3.769080107028668
3.7697788996574206
3.7721133048717794
3.7654912104973426
3.768329369716155
3.766041480577909
3.764765806687184
3.762710357323671
3.762135597375723
3.7577013052426853
3.760437641388331
3.7671197010920596
3.754801034927368
3.7533067801059823
3.7510905816004825
3.753005388455513
3.7512421118907437
3.75092530861879
3.7460513603992953
3.746456360205626
3.745454965493618
3.746910737111018
3.749673060881786
3.7434100187741794
3.7435840704502206
3.7384157303052072
3.7363333029624743
3.7369388739267984
3.7371874833718324
3.7351020849668064
3.7353148949451938
3.730696451969636
3.732489286324917
3.7324488101861415
3.7297092523330297
3.7310829040331717
3.7283947590069895
3.7270509401957193
3.72557388819181
3.7238081112886086
3.723478506772946
3.7223207033597507
3.7189116294567404
3.7240264110076122
3.718517914796487
3.7187843995216565
3.717439810434977
3.717447647681603
3.7184272484901624
3.7184506196242113
3.7123391139201627
3.7144821607149563
3.7129776844611535
3.710078098835089
3.710246177820059
3.707803047620333
3.7137783551827455
3.711021900177002
3.7049774634532437
3.7064642845055995
3.7055578843141213
3.703654998388046
3.703944371296809
3.7018450529147415
3.703283028724866
3.7019680463350735
3.704309873091869
3.70367981837346
3.699371160605015
3.698493780233921
3.698159633538662
3.698859147536449
3.6952543442065897
3.6968594453273673
3.6968803772559533
3.695710695706881
3.6954640730833397
3.695151219001183
3.695210181749784
3.6973489003303723
3.695216808563624
3.6926620862422843
3.693985926799285
3.6896470204377785
3.6886325004773264
3.6908997144454565
3.6895906252738757
3.6868255260663156
3.6890017558366823
3.689723693407499
3.6894013637151475
3.684534237934993
3.6860974629720054
3.687208285698524
3.684972897554055
3.6834010160886326
3.684330634581737
3.6826535432766647
3.684157732205513
3.684223474600376
3.680684603177584
3.6816124671544785
3.6816653655125546
3.6823244217114572
3.683238591903295
3.6809423764546714
3.6763963332543006
3.679059089758457
3.6767980257670083
3.6772491320585594
3.6761665772169065
3.6764140006823416
3.6796061931512294
3.6760572409018493
3.676326427704249
3.6759389424935365
3.673757491967617
3.6834079791338015
3.674307664235433
3.6737565260667067
3.6717830499013266
3.67037556721614
3.670254750129504
3.671331851910322
3.671093922394973
3.670744547477135
3.66888557947599
3.670423831695165
3.668598162822234
3.672419003951244
3.671579513794337
3.6684305423345323
3.6694260193751407
3.667521880223201
3.6674658885368934
3.6691164664733105
3.6676968855735583
3.66724366408128
3.6665988640907483
3.666044125190148
3.66532370983026
3.667214253009894
3.6668339998294144
3.6678471198448768
3.670244669302916
3.663850099612505
3.664285054573646
3.6659773863278904
3.665018075551742
3.665850138052916
3.6629892923893075
3.661124357810387
3.6629231587434425
3.6630128163557787
3.6614164389096775
3.6619768264966135
