16.20130688104874
15.559927451304901
13.747666016603128
10.974690730755146
9.194833657680414
8.324545542399088
7.758714859302227
7.367457988934639
7.093764989803999
6.888622883038643
6.727088842636499
6.601091164809007
6.501503504239595
6.405446125910832
6.336302439371745
6.278715451558431
6.222387827359713
6.1680163114498825
6.12771443831615
6.095828582078982
6.055926041725354
6.022140013865935
5.993512190305269
5.9725015958150225
5.963774595505152
5.930638570051927
5.910955184545273
5.891398001939822
5.878543205750295
5.858774466392322
5.8375282898927345
5.818670187240992
5.801023226517898
5.784873986855532
5.76824594155336
5.75765471580701
5.737775484720866
5.722404235448593
5.70808178339249
5.689284556951279
5.67279078410222
5.657707520020314
5.637624520521897
5.620479583740234
5.604860379145696
5.5937778521806765
5.5796003219408865
5.566165312742576
5.551448174012013
5.536007807804988
5.516044641152407
5.502482952215733
5.48892068862915
5.485233355791141
5.471259765135936
5.455769257667737
5.450722315372565
5.437211489066099
5.440548786750207
5.424499389452812
5.411282490461301
5.401317461943015
5.396595710363144
5.385885825523963
5.377531014955961
5.364594545119848
5.356239526699751
5.347163726121951
5.344981499207326
5.329173797216171
5.315631878681672
5.317597841605162
5.2998857620434885
5.2999509542416305
5.29236843647101
5.275084617810371
5.2676615715026855
5.254935716971373
5.245907257764768
5.244292687147092
5.228150587815505
5.222773466354761
5.219374656677246
5.205218364030887
5.193209085709009
5.185429768684583
5.181219565562713
5.167171698350173
5.159729138398782
5.148584928268042
5.142935214898525
5.128989818768623
5.11919747866117
5.108669672256861
5.10016898619823
5.089115631886018
5.078113103524233
5.068283606798221
5.061146295987642
5.048702423389141
5.040628506587102
5.032710002018855
5.021510711083045
5.013412218827468
5.008203702095227
5.00363444059323
4.992710089072203
4.985464695172432
4.977483676030086
4.974732741331443
4.961794217427571
4.957064408522386
4.9544178155752325
4.942978736681816
4.934236098558475
4.931570077553774
4.922890394161909
4.918829416617369
4.916442357576811
4.907448805295504
4.900018618657039
4.898273162352733
4.890345646784856
4.885101355039156
4.882266032390105
4.877096261733618
4.868492444356282
4.860814033410488
4.8559758602044525
4.8521336286495895
4.844273823958177
4.838525759868133
4.833251427381467
4.829995681078006
4.821153237269475
4.818207422892253
4.812395205864539
4.804633482908591
4.796406000088423
4.793487609961094
4.784652416522686
4.787471636747703
4.7759234721844015
4.770354649959466
4.7665521792876415
4.759006867041955
4.750252980452317
4.743980957911565
4.735405383965908
4.734683819306203
4.727848456456111
4.72045225974841
4.716742442204402
4.7139183557950535
4.717796949239878
4.709488783127222
4.701748517843393
4.69687740619366
4.693160705077342
4.687622204805032
4.686610197409605
4.679728177877573
4.680944882906401
4.674511750539144
4.671029225373879
4.6698150267967815
4.666316215808575
4.666899998982747
4.66185448719905
4.655158311892778
4.652848561604817
4.653746824998122
4.6495860662215796
4.640402402633276
4.640453717647454
4.636659561059414
4.637858207409199
4.636047473320594
4.631543220617832
4.6257111720549755
4.621127104147886
4.6209300725887985
4.617463882152851
4.6143030142172785
4.611719583853697
4.605873389121814
4.6025423881335135
4.600990784473908
4.597829635326679
4.595445033831474
4.596262369400415
4.592261742322873
4.586272423083965
4.588612800989395
4.586484737885304
4.580655794877273
4.577366119776016
4.576276656908867
4.57282629991189
4.569098032437838
