65.6854263305664
65.35211181640625
64.83248596191406
64.29474334716797
63.820030975341794
63.168252563476564
62.50718765258789
61.476863098144534
60.50450744628906
59.24486083984375
57.6517578125
55.85979309082031
53.58097610473633
50.747921752929685
47.267391967773435
43.45940246582031
39.30881576538086
34.55966491699219
30.04319190979004
25.482559204101562
21.68059539794922
18.560049057006836
15.796687698364257
13.871218872070312
12.268046188354493
11.570232582092284
11.089778900146484
10.658911323547363
10.538228416442871
10.490461921691894
9.88123607635498
9.991567039489746
9.796401214599609
10.072467613220216
10.075380897521972
9.818813514709472
9.617209243774415
9.617787933349609
9.690019798278808
9.67907943725586
9.474246597290039
9.88972225189209
9.539432525634766
9.621670532226563
9.360110855102539
9.5429443359375
9.374534797668456
9.55572738647461
9.164471244812011
9.246585273742676
9.351828384399415
9.345013618469238
9.164800930023194
9.405142021179199
9.282733535766601
9.101349258422852
8.924333572387695
8.950023555755616
9.10666732788086
9.114021396636963
8.703070640563965
8.903619766235352
8.87053918838501
8.583158111572265
8.490517520904541
8.498959827423096
8.273006534576416
8.408192825317382
8.161252403259278
7.8989917755126955
7.882924556732178
7.650272369384766
7.572185325622558
7.373611736297607
7.176776313781739
7.095631694793701
6.981117534637451
7.1544445037841795
6.814980983734131
6.796962738037109
6.641057968139648
6.633514785766602
6.611783218383789
6.544987392425537
6.287632751464844
6.2582498550415036
6.010446548461914
5.823445892333984
5.997592163085938
5.886195087432862
5.682322597503662
5.552493381500244
5.549173259735108
5.382046413421631
5.259403324127197
5.279002571105957
5.070542526245117
4.929120254516602
4.895629215240478
4.965956687927246
4.750983333587646
4.7594139099121096
4.746876525878906
4.533901977539062
4.588459205627442
4.567031383514404
4.2858060836792
4.436556148529053
4.29124174118042
4.178976392745971
4.212697982788086
4.071842813491822
4.057808351516724
4.1437585830688475
3.8055153846740724
3.979374885559082
3.8301340103149415
3.9315798759460447
3.8912615299224855
3.8863780975341795
3.841929388046265
3.751438570022583
3.743659830093384
3.6830856800079346
3.6482998371124267
3.73720760345459
3.7782790184021
3.5763120651245117
3.6523935317993166
3.6535297870635985
3.4773202419281004
3.547990083694458
3.6642693996429445
3.4866445541381834
3.5774996280670166
3.5016871452331544
3.463612270355225
3.478661394119263
3.403492736816406
3.5317267894744875
3.4038631916046143
3.3622506141662596
3.444109058380127
3.4306891441345213
3.3227721214294434
3.421579122543335
3.414534330368042
3.41347074508667
3.2965500831604
3.3783950805664062
3.303307819366455
3.233146142959595
3.308454990386963
3.332884168624878
3.1596441745758055
3.2681369304656984
3.1545198440551756
3.1770308017730713
3.23400821685791
3.2467090606689455
3.197954702377319
3.1064319133758547
3.185325336456299
3.1626399040222166
3.138546323776245
3.178981590270996
3.1820788860321043
3.096535634994507
3.021930694580078
3.1622817516326904
3.150084638595581
3.145384645462036
3.0301036834716797
3.1569799900054933
3.03451886177063
3.0550480842590333
3.0536036014556887
3.1321222305297853
3.065237045288086
3.0647989749908446
2.9308356761932375
2.9675963878631593
3.0408631324768067
3.0747880935668945
3.001891088485718
3.0655573844909667
3.0887962341308595
2.998865270614624
2.9864156246185303
3.0257895469665526
3.0326384544372558
2.9472772121429442
3.0156877040863037
2.9716601848602293
2.930894613265991
2.933760976791382
2.8860520362854003
2.9919135570526123
2.913599967956543
2.928672218322754
