66.98942260742187
66.53819580078125
66.31223907470704
65.71240539550782
65.34932861328124
64.73122711181641
64.25890350341797
63.62079391479492
63.00349349975586
61.75717468261719
60.174478149414064
58.31478424072266
54.89108657836914
50.72066040039063
45.25443725585937
38.75204620361328
31.99234962463379
26.259303665161134
22.52539482116699
20.497571563720705
19.327939987182617
19.10203399658203
18.36162281036377
18.29770851135254
19.01162757873535
18.772827529907225
18.92589225769043
18.13102607727051
18.570553970336913
18.35412731170654
18.1122989654541
18.9765625
18.813105010986327
18.895627593994142
18.70108070373535
18.025271606445312
18.508317947387695
18.4987060546875
18.46820068359375
18.521607971191408
18.49254665374756
18.331985473632812
18.934689331054688
18.445268821716308
19.20565719604492
18.814783096313477
18.48406639099121
18.387766075134277
18.480613708496094
18.98087844848633
18.68635787963867
18.267966079711915
18.414990043640138
18.514695358276366
18.98478775024414
18.294053649902345
18.477532196044923
18.423406982421874
18.320222091674804
18.749698638916016
17.969035720825197
18.885307693481444
18.905435180664064
18.119381713867188
18.442924880981444
18.076276588439942
18.50487823486328
19.224545669555663
18.210858154296876
17.609111404418947
18.34693489074707
18.384200286865234
18.647358322143553
18.7472713470459
18.443364524841307
18.269695281982422
19.022390365600586
18.194538497924803
18.7452672958374
18.179186820983887
18.95385322570801
18.852052688598633
18.781634902954103
18.510068893432617
19.097826385498045
18.81445770263672
18.181086349487305
19.028239440917968
18.31931915283203
18.53677444458008
18.686462020874025
18.639931869506835
18.951114654541016
18.80999641418457
17.83267135620117
18.186512756347657
18.371868896484376
18.928359985351562
18.063148498535156
18.315593719482422
18.640274429321288
18.60991439819336
18.717387390136718
18.12779083251953
18.62031478881836
18.41611557006836
18.673087310791015
18.837355041503905
18.251836013793945
18.15908546447754
19.50174789428711
18.68977642059326
18.770834732055665
18.573726844787597
18.511487197875976
18.555271530151366
18.34103889465332
18.504408264160155
18.11022491455078
18.81577911376953
18.048324584960938
18.26256103515625
18.534735107421874
19.173896026611327
18.644023513793947
18.48365478515625
18.71484260559082
18.454496765136717
18.940129470825195
18.036396026611328
18.651034355163574
18.439307403564452
18.548080062866212
18.595378875732422
19.187283325195313
18.623563385009767
18.741905212402344
18.64793128967285
18.64374656677246
18.887477302551268
18.45627632141113
18.626261901855468
18.038226318359374
18.495077323913574
18.0990421295166
18.267313766479493
18.29532699584961
18.04334716796875
18.78528938293457
18.874222564697266
18.341279983520508
18.431059646606446
18.586108779907228
17.95701160430908
18.183688354492187
18.516329193115233
18.337767028808592
18.264947509765626
18.81619644165039
18.18655471801758
18.34325466156006
18.119779586791992
19.051480865478517
18.609580421447752
18.44386386871338
18.37399024963379
18.031894493103028
18.67514305114746
18.718195343017577
19.173404693603516
18.513953971862794
18.584172821044923
18.482735252380373
19.001658248901368
18.449552917480467
18.263795471191408
18.450648880004884
18.413031768798827
18.825845336914064
18.758935546875
18.393404388427733
18.476235580444335
18.394284820556642
18.426088523864745
18.51996192932129
18.48848190307617
18.393267822265624
18.751016998291014
18.992675018310546
18.529047203063964
18.43592987060547
18.688530349731444
18.03230209350586
18.773920440673827
18.51473331451416
18.605549621582032
18.70696105957031
18.55838394165039
18.36705627441406
18.7042179107666
