54.70824203491211
54.458683013916016
53.886907958984374
53.5493766784668
53.22636108398437
52.73011856079101
52.29206466674805
51.85033187866211
51.296025085449216
50.770276641845705
49.98877716064453
48.39983978271484
45.32322998046875
39.23983154296875
31.72484130859375
24.3181583404541
20.65917625427246
19.331645202636718
18.538654708862303
18.761470794677734
18.00415458679199
18.230287742614745
18.496346282958985
18.593808364868163
18.78927688598633
19.264584350585938
18.318169403076173
18.917889404296876
18.753760528564452
18.680000686645506
18.661865997314454
18.66158981323242
18.581303787231445
18.012449264526367
18.783261871337892
18.691935348510743
18.468848037719727
18.53978500366211
18.778327178955077
18.630180740356444
18.400470733642578
18.696957969665526
18.90271339416504
18.94670524597168
18.25246696472168
18.53227005004883
18.130985069274903
18.574958038330077
18.550758361816406
18.725120544433594
18.61207847595215
18.805611419677735
18.488822174072265
18.87997970581055
18.032136917114258
18.540230178833006
17.776241302490234
18.526034927368165
18.90480613708496
18.908889389038087
18.551588439941405
17.841626930236817
18.681365966796875
18.73829917907715
18.727016067504884
18.277849197387695
18.875081634521486
18.670441818237304
18.793231391906737
18.634121322631835
18.48842849731445
18.479202270507812
18.61412582397461
18.17467918395996
18.40518684387207
18.22092475891113
18.070740509033204
18.881799697875977
19.221401596069335
18.471575355529787
18.97088279724121
18.51576633453369
18.146342468261718
18.576741027832032
18.55423812866211
18.656500244140624
19.031400299072267
18.460006332397462
18.323168182373045
18.445427322387694
18.799797439575194
18.079238891601562
18.43897762298584
18.839525032043458
18.82334747314453
18.288530158996583
18.788713455200195
18.04875030517578
18.37802047729492
18.703592681884764
18.711741638183593
17.880221939086915
18.372704696655273
18.18931884765625
18.734365463256836
18.897744369506835
18.443361663818358
18.483973693847656
18.53609428405762
18.198179626464842
18.319411087036134
18.341687774658205
18.229052734375
18.133467864990234
18.607700729370116
18.894886779785157
18.66534309387207
18.614576721191405
18.020258712768555
18.42579765319824
18.608968353271486
17.98789749145508
18.99201488494873
18.883596420288086
18.732355880737305
18.267776679992675
17.90712661743164
18.637701416015624
18.239466857910156
18.830927276611327
18.78025016784668
18.64645462036133
18.509350204467772
18.75908508300781
18.31575813293457
18.45561408996582
18.54875030517578
18.486436080932616
18.363285064697266
18.42672996520996
18.52302532196045
18.574996566772462
18.539060592651367
18.332925224304198
18.103793716430665
18.2523681640625
18.614787292480468
18.732148742675783
18.251163673400878
18.139141464233397
18.66886157989502
18.15211410522461
18.627820205688476
18.736891174316405
18.414397048950196
18.596577072143553
18.831463623046876
18.405663299560548
18.413275909423827
18.20246353149414
18.34887351989746
17.91996841430664
18.15179862976074
17.82665596008301
18.22179069519043
18.54143943786621
18.44323844909668
18.84877414703369
18.835535049438477
18.433754920959473
18.39823341369629
18.87178840637207
18.88746223449707
18.7529354095459
18.319333267211913
18.485711669921876
18.477921295166016
18.62966079711914
18.545104598999025
18.219484329223633
18.21664218902588
18.837720489501955
18.71871147155762
18.501532554626465
18.643709182739258
18.6013614654541
18.748804092407227
17.950356674194335
18.19461135864258
18.403421783447264
18.661975860595703
18.207453155517577
19.099978828430174
18.92864112854004
18.896502685546874
18.815124893188475
18.785283088684082
18.714690017700196
18.407253074645997
18.855049896240235
