33.77251916053967
12.103641118758764
10.721137364705404
9.148301051213192
8.135788330665001
7.379047234853108
6.905460700010642
6.542097482925806
6.197721187884991
5.976223908937895
5.841239623534373
5.759509685711983
5.691923434917744
5.612748268323067
5.546518130180163
5.505296364808694
5.465742539136838
5.467898931258764
5.418803031627949
5.402309112059764
5.386281698178022
5.372258259699895
5.373619666466346
5.344219036591359
5.316677558116424
5.309415548275679
5.303171561314509
5.2962565911121855
5.283755057897324
5.267539268884903
5.216735888750125
5.154633326408191
5.049092781849397
4.952649409954365
4.920790317731026
4.890391239753137
4.85137170400375
4.841436618413681
4.832488341209216
4.824583114721836
4.805279621711144
4.813712682479467
4.791475858443823
4.791332269326235
4.790704470414382
4.785228509169358
4.777235104487493
4.789782157311072
4.7667915026346845
4.767112572987874
4.7580611277849245
4.754043432382437
4.758321578686054
4.753929443848439
4.756056761130308
4.740097791720659
4.733275670271653
4.739789742689866
4.740712300325051
4.732688842675625
4.722264399895301
4.731848411070994
4.735851055536514
4.71510684184539
4.7198081994668035
4.718391614082532
4.716064636523907
4.708614679483267
4.712991959009415
4.698128027793689
4.698458696023012
4.716625238076235
4.703527731773181
4.699360138330704
4.689108689626058
4.689401235335913
4.7054003324264135
4.7089470227559405
4.674987621796437
4.682408369504488
4.673450090946296
4.724363816090119
4.668109820439265
4.662336129408616
4.673212968386137
4.67771378541604
4.683386900486091
4.670487513908973
4.670497344090388
4.672701004223946
4.659575890272092
4.673071164351243
4.652118377196483
4.6600524339920435
4.660407188611153
4.652933108500945
4.670483307960706
4.674379422114446
4.652220151363275
4.655642570593418
4.640303562848996
4.642882310427153
4.655129775022849
4.640437236199012
4.637874432099172
4.628850117707864
4.636760100340232
4.6413798576746235
4.641181102165809
4.630064597496619
4.636168761131091
4.628555493477063
4.624897272158892
4.62075372842642
4.61963257422814
4.621902111249092
4.635274654779678
4.637750381078476
4.631172302441719
4.608707623604016
4.610457579294841
4.60812939130343
4.6196614901224775
4.616047920324863
4.61051301467113
4.608232302543445
4.6055881304618635
4.609082869994334
4.606053486848489
4.631051075764192
4.5973621515127325
4.595027507879795
4.593762141007644
4.598750835809952
4.597875961890588
4.592023201477834
4.602340025779529
4.597218904739771
4.597373351072654
4.579124255058093
4.579217018225254
4.586067395332532
4.577260237473708
4.579842885335286
4.590622816330347
4.574732976082044
4.596649793478159
4.569683453975579
4.568633311834091
4.582383828285413
4.569580212617532
4.5709871756724825
4.5735512635646725
4.563741732866336
4.5662103188343535
4.568169300372784
4.567618504548684
4.566761872707269
4.5634385622464695
4.569702099531125
4.556765996492826
4.555286456377078
4.553961203648494
4.557980305109268
4.558052209707407
4.557323480263735
4.552727943811661
4.581497424688095
4.54558296692677
4.538634948241405
4.540859014560015
4.536614748147818
4.557785327617939
4.544946572719476
4.5387288973881645
4.541113706735464
4.533121072329008
4.528518750117375
4.533919774568998
4.533239010052803
4.534588813781738
4.529353129558074
4.526256707998423
4.525468752934382
4.5181953479082155
4.5395971200405025
4.516940777118389
4.521517778054262
4.529627066392165
4.5219293129749785
4.51573831607134
4.542010368444981
4.524848253299028
4.512556589566744
4.516402513552935
4.51332043378781
4.521257718404134
4.515729708549304
4.500535109104255
4.5024872315235624
