23.48135319734231
12.202304204305014
10.59276906037942
8.966874782855694
8.359223035665659
7.6812744140625
7.025181220127986
6.5807785987854
6.244356497740134
6.036339368575659
5.850619951883952
5.553605446448693
5.142939677605262
4.976929701291597
4.865491170149583
4.7670411207737065
4.709433714548747
4.694631014114771
4.655214248559414
4.642446322318835
4.6302983577434835
4.62585729207748
4.600359097505227
4.593118496430226
4.5803961753845215
4.56930974813608
4.572473232562725
4.562299055930896
4.550516250805977
4.5505829224219685
4.541254899440667
4.531676781483186
4.543453950148362
4.525204658508301
4.515083447480813
4.507039571419741
4.50227583371676
4.489785989125569
4.485094192700508
4.498303046593299
4.482727442032251
4.4748406043419475
4.465741719955053
4.457362884130234
4.49706384463188
4.476676060603215
4.451215487260085
4.449687713231796
4.436363024589343
4.431609104841184
4.437079368493496
4.419985905671731
4.421157127771622
4.413239161173503
4.425009666345058
4.418351699144412
4.40222647251227
4.391155952062363
4.403420851780818
4.391903596046643
4.383754253387451
4.387580027947059
4.387754819332025
4.371704621192737
4.394516296875783
4.371444200858091
4.370237130385179
4.36894091581687
4.361722371517083
4.363293782258645
4.348827080848889
4.355765281579433
4.339510844304011
4.352503263033354
4.352710326512654
4.340929630475166
4.343260630583152
4.329244430248554
4.333438506493201
4.324046428386982
4.325052371391883
4.333465667871328
4.3183272312849
4.323985931200859
4.315714041392009
4.315974602332482
4.330548029679519
4.3137243160834675
4.309664322779729
4.306651359949356
4.314777105282515
4.309096519763653
4.305654654136071
4.296986744954036
4.3010759720435505
4.297061467782045
4.285192856421838
4.293334166208903
4.2872969798552685
4.291949382195106
4.286747675675612
4.279533080565623
4.288655323859973
4.2919129347189875
4.27411377735627
4.266190119278737
4.275757300548064
4.273496713393774
4.26187452291831
4.267095480209742
4.273143829443516
4.2686145305633545
4.257194195038233
4.2664176133962775
4.2653401509309425
4.2528010087135515
4.25061129912352
4.249103815127642
4.253399897844363
4.268961674127823
4.241792544340476
4.246852159500122
4.244350005418826
4.241411092953804
4.248745575929299
4.236949718915499
4.24325505281106
4.2385484622075005
4.240132441887488
4.226324674410698
4.236582279205322
4.22901185353597
4.23024861017863
4.238850287902049
4.221242745717366
4.222598674969795
4.220796077679365
4.220797202525994
4.212043847793188
4.22892058812655
4.230384563788389
4.211785634358724
4.228249690471551
4.21570766889132
4.211827406516442
4.209559599558513
4.211943773122934
4.2108404758649
4.216786616887802
4.204798533366277
4.207297257888011
4.200612905697945
4.205471173310891
4.2056873211493855
4.200905054043501
4.197953542073567
4.198081970214844
4.19235478914701
4.191175760366978
4.199970361513969
4.19457702147655
4.189963187926855
4.1902645245576515
4.192040908030974
4.1852905200077934
4.183004587124556
4.1863525953048315
4.18189926025195
4.182933874619313
4.184817564793122
4.181964372977232
4.180012782414754
4.185500805194561
4.1760364312392015
4.178233929169484
4.1797024592375145
4.175267182863676
4.1771353636032496
4.172665302570049
4.172774681678185
4.172290771435469
4.16691070336562
4.172373209244165
4.167782306671143
4.159250357212165
4.1819993654886884
4.166731271988306
4.1590327727488985
4.158896666306716
4.155772869403545
4.158386572813376
4.149783177253528
4.156399231690627
4.16462873801207
4.158399875347431
4.150867260419405
4.152588361348862
4.152926475573809
4.168547728122809
4.147316480294252
