30.279818314772385
12.913396492982523
11.827358050224108
10.165543287228315
8.638585922045586
7.7998534960624495
7.113655995099973
6.737592073587271
6.432351711468819
6.228559555151524
6.139746103531275
6.0556314297211475
5.976636287493584
5.921531114822779
5.890452702840169
5.865347874470246
5.8372625815562715
5.814964355566563
5.8027472496032715
5.788996855417888
5.778495262830686
5.75633211624928
5.757483396774683
5.741623976291755
5.726302623748779
5.715375276712271
5.70864837597578
5.696285675733518
5.694506095005916
5.68686336126083
5.671192499307486
5.668582952939547
5.65773115402613
5.6367866565019655
5.601011337378086
5.554301066276355
5.496883208935078
5.437625298133264
5.3832879555531035
5.364395593985533
5.338087106362368
5.319254814050137
5.300807219285232
5.289579501518836
5.28730705456856
5.278031838245881
5.2748422500414724
5.269038261511387
5.25986558963091
5.251196934626653
5.244312530908829
5.2429669209015675
5.243645313458565
5.239222037486541
5.23389517955291
5.220558985685691
5.2207339604695635
5.211323823684301
5.214905518751878
5.217961800404084
5.208451344416692
5.201204617818196
5.205429700704721
5.200074856097881
5.200423350700965
5.200292978531275
5.191490833575909
5.189653543325571
5.1882303311274605
5.190607511080229
5.180641675606752
5.1880628390189925
5.179786926660782
5.175134805532602
5.171662489573161
5.169734783661672
5.169648891840225
5.17239899513049
5.160101108061961
5.172743626129933
5.159520418216021
5.169887933975611
5.164323256565974
5.1562928297580815
5.153196395971836
5.151696033966847
5.1538292444669285
5.153094951923077
5.1473685044508715
5.147818993299436
5.155886124341916
5.143706798553467
5.142064852592273
5.1471985303438625
5.142901787391076
5.139135128412491
5.137443897051689
5.134575318067502
5.1325674546070585
5.132831671299079
5.135294926472199
5.129551117236797
5.130992693778796
5.131836120898907
5.125759454873892
5.120645840962728
5.1279593125367775
5.124199378184783
5.133574987069155
5.122405883593437
5.137232279166197
5.120336691538493
5.115423251421023
5.113856315612793
5.118088526603503
5.1138458618750935
5.117160662626609
5.117157483712221
5.108345899826441
5.116154010479267
5.106898601238544
5.1099359683501415
5.1144124544583836
5.112857989775828
5.1037821769714355
5.112648694943159
5.107696019686186
5.104397443624643
5.103399949196057
5.100326207967905
5.09942488792615
5.101538450289995
5.099518824846316
5.108700385460486
5.09447054985242
5.0963747929304075
5.091224438104874
5.094034060453757
5.096763879824907
5.097558314983662
5.0967165262271195
5.092008285033397
5.089404338445419
5.085422271337265
5.0861939405783625
5.085305617405818
5.090570572095039
5.092013713641045
5.089063497690054
5.084189378298246
5.085178595322829
5.085694141877004
5.087534831120418
5.078724946731176
5.079533613645113
5.0785781786992
5.079959832704985
5.0787840623122
5.071993448795417
5.0776364008585615
5.083377055632762
5.073822816212972
5.07865571975708
5.071492610833584
5.0720857962583885
5.072806749588404
5.074162373175988
5.082024513146816
5.075050574082595
5.074051086719219
5.0702111170842095
5.0676446450062285
5.072103524819399
5.076058118771284
5.071281066307654
5.068486458215958
5.063723796453232
5.0609031946231156
5.064815655732766
5.061938139108511
5.069705877548609
5.067196956047645
5.066809886541122
5.062835644453
5.062687568175487
5.061082876645601
5.055431512685923
5.057265342810215
5.052371147351387
5.056563035035745
5.05716024300991
5.058976943676289
5.055915416815342
5.0555195319346895
5.056075756366436
5.060217429430057
5.05394967397054
5.048700454907539
5.045125129895332
5.046515281383808
