29.687680733509552
13.589349991235977
11.911443832593086
9.66381765023256
8.75728448232015
8.314988588675474
7.988242540604029
7.805682573563013
7.718046273940649
7.6672450212331915
7.630186704488901
7.60482686605209
7.574476498823899
7.559468098175832
7.5373458250975
7.516397390610132
7.499849722935603
7.488635784540421
7.490028320214687
7.47355858484904
7.462159645863069
7.449397478348169
7.441705557016226
7.428307521037566
7.42745487506573
7.425575574239095
7.419065353197929
7.415806745871519
7.402123365646753
7.410463357583071
7.398743702815129
7.393778018462352
7.38563575500097
7.382668336232503
7.373195904951829
7.375334323980869
7.378705110305395
7.36468148842836
7.363365442324907
7.359869480133057
7.359444153614533
7.360364351517115
7.350600890624217
7.36180183215019
7.34340972166795
7.347484307411389
7.341081338051038
7.339910152630928
7.334530610304612
7.330443712381216
7.3288535827245465
7.326253010676457
7.319843866886237
7.320435597346379
7.327387381822635
7.3079256889147635
7.312099053309514
7.311303126506316
7.312447144435002
7.302168821677183
7.292579161815154
7.2847783748920145
7.288108128767747
7.275205771128337
7.2833159275543995
7.2678794616307965
7.261134905692859
7.256289103092292
7.2516207572741385
7.247328110230275
7.236039088322566
7.2280342395489035
7.222795841021416
7.219565636072403
7.223304027166122
7.210327967619285
7.204530043479724
7.209007165370843
7.20122190622183
7.1863669615525465
7.186561975723658
7.184134177672557
7.175508389106164
7.17883194409884
7.181100551898663
7.176971936837221
7.18014180354583
7.175292760897905
7.163690530336821
7.152227621812087
7.157811825092022
7.153770300058218
7.146562551840757
7.143277473938771
7.146419133895483
7.14756318850395
7.149630118639041
7.138299061701848
7.141877981332632
7.1401729216942424
7.128343814458603
7.128343521020351
7.1274350973275995
7.127780730907734
7.125942083505484
7.135674085372534
7.13236945714706
7.115770181020101
7.124590115669446
7.126498002272386
7.122987013596755
7.112026300185766
7.112879337408604
7.111274658105312
7.106107406127147
7.109892160464556
7.1246992624723
7.115271641657903
7.1122684601025705
7.103842282906557
7.106634873610276
7.106685406122452
7.098169656900259
7.093368799258501
7.097819951864389
7.094518453646929
7.099964997707269
7.090032088450896
7.09451691309611
7.0970438321431475
7.091706765003694
7.088402809240879
7.086403553302471
7.085515193450145
7.09171061638074
7.086783775916467
7.079034389593662
7.0870998700459795
7.081368250724597
7.086049312200302
7.086344254322541
7.074440075800969
7.075249354044597
7.078777349912203
7.075504999894362
7.077293823926877
7.082345412327693
7.069482522133069
7.06637944930639
7.068464303627993
7.081868844154553
7.073564297113663
7.063125683711125
7.060582870092148
7.063717206319173
7.058125605949988
7.068617160503681
7.057727654774983
7.063276486519055
7.058850850814428
7.052033913441194
7.05060512591631
7.059145927429199
7.052250898801363
7.051907331515581
7.05687263684395
7.053611865410438
7.042364340562087
7.048908490401048
7.049432999048477
7.044869642991286
7.045536701495831
7.0481241055023975
7.044823255294409
7.038328060737023
7.048195117559189
7.036357610653608
7.054548544761462
7.048297747587546
7.0397425553737545
7.037816622318366
7.036974161099165
7.0343415798285065
7.044435317699726
7.047074819222475
7.033780794877273
7.042493318900084
7.050997844109168
7.035818430093618
7.0317230224609375
7.0331980142837915
7.031127587342874
7.036626876928867
7.024739375481238
7.023200304080278
7.026519200740716
7.018183867136638
7.025132350432567
7.022837418776292
7.02344580185719
