24.47432755201291
8.960445110614483
6.129447680253249
4.5757599366016874
3.440432438483605
2.787848099684104
2.4611120651929808
2.220143880599584
2.0002407813683534
1.8273407068008032
1.6841196035727477
1.5755985241669874
1.4693463032062237
1.3828218839107416
1.3046425886643238
1.2517691055933635
1.1981974992996607
1.1544393025911772
1.1161468976583235
1.0896930618163867
1.0577407708534827
1.026182431441087
0.9985970304562495
0.9893086002423213
0.9515465543820307
0.9240010029230362
0.903936321918781
0.8768435808328482
0.856896901742006
0.8347594936688741
0.8293311932148077
0.800244424587641
0.7930227625064361
0.7705567173468761
0.7635657772039756
0.7457576913711352
0.7359476395142384
0.7314089139302572
0.712090484606914
0.6996184480495942
0.6975018290372995
0.6790932982395856
0.6659156664823874
0.65867263231522
0.6455558859384977
0.6623353025852106
0.6238704170936193
0.6176976408713903
0.6088118736560528
0.5993514519471389
0.5937354136735965
0.5813438082352663
0.5795943018717643
0.5711328983306885
0.5648603836695353
0.5594224486595545
0.5489976421380655
0.543211083381604
0.5413062358513857
0.5324519391243274
0.5289972386299036
0.5228288639814426
0.5140313666600448
0.5080340695686829
0.5073674069001124
0.5009092016097827
0.5019339345968686
0.49131654088313764
0.48887439721669906
0.48495666186014813
0.47541818557641446
0.4723073603251042
0.4824358591666588
0.4658616169905051
0.47193963787494564
0.4577300938276144
0.45519744891386765
0.45710627008707094
0.45835482692107177
0.44810602680230754
0.44684271934704906
0.4481011927127838
0.4361527409308996
0.4391694175891387
0.43597672000909465
0.43767883685918957
0.43207452388910145
0.42640895950488555
0.42421694978689534
0.43092633592776763
0.4279450514377692
0.41387719985766286
0.417553560091899
0.41344516628827804
0.41709672869780123
0.4132534425992232
0.4066483890398955
0.4041727215815813
0.4046403765678406
0.40613189110389125
0.40804136869234914
0.4164815759047484
0.3909219128963275
0.39191835813033277
0.393412967522939
0.3885980126185295
0.39632148696826053
0.3891551395257314
0.3835277030101189
0.39249060016412
0.3812651473742265
0.38346876471470565
0.3825375865667294
0.3754835006518242
0.3859720658033322
0.38463595815193957
0.374000914585896
0.37186299379055315
0.36991850152993816
0.36933012497730744
0.37555607771262145
0.374724064881985
0.36284004342861664
0.36624423662821454
0.3653409060759422
0.3632979920277229
0.3697784382563371
0.36263110240300495
0.35454378448999846
0.3574784115338937
0.36179459706330913
0.3547492096057305
0.34955614728805345
0.3560078419171847
0.3490335811407138
0.34959979087878496
0.35078361019110066
0.3491224126938062
0.3488930119917943
0.33928698759812576
0.34747568995524675
0.3506149771885994
0.33866070478390425
0.3362517945277385
0.33435997519737637
0.3410707712173462
0.3285885139917716
0.34016711666033816
0.3297728689817282
0.3292796802826417
0.32971448241136014
0.3333914348712334
0.3228833958124503
0.3254777200711079
0.33597496686837613
0.31999583198474
0.31826659654959655
0.32052836509851307
0.32178527957353836
0.32343437045048445
0.3187214174331763
0.3200771266069168
0.3137266620611533
0.3180398895190312
0.31303209906969315
0.3176190287638933
0.30983452919201976
0.31675691253099686
0.31086915807846266
0.3099287924094078
0.3170177080692389
0.31074229112038243
0.30470319436146664
0.30960127864128506
0.30677280364892423
0.30284450833614057
0.30559495397103137
0.3197800738689227
0.30029631272340435
0.2992181693896269
0.2984217336544624
0.32162487736115086
0.29523273309071857
0.2991979871040735
0.29806070755689573
0.2954539824754764
0.29752252728511125
0.2959223076319083
0.3003261127533057
0.2949479627303588
0.2961644056515816
0.2964675472332881
0.3006685712398627
0.2902565697828929
0.29438374898372555
0.29473742307760775
0.2878847878712874
0.2936713313445067
0.2960574886737726
0.29510005391561067
