55.74240417480469
55.13645553588867
54.69220733642578
54.09594573974609
53.43812637329101
52.832166290283205
52.31505279541015
51.765403747558594
50.925288391113284
50.0601318359375
49.12530670166016
47.5628158569336
45.737571716308594
43.78056106567383
41.18530807495117
38.1443473815918
34.70681533813477
30.89264373779297
26.822505950927734
22.47617874145508
18.979869079589843
16.63048038482666
15.086743545532226
13.57191867828369
13.265975761413575
12.985211753845215
12.296523094177246
12.223661041259765
11.866698265075684
11.728979301452636
11.829943466186524
11.401993560791016
11.40572280883789
11.282442474365235
10.73082332611084
10.852797698974609
10.797911262512207
10.880979919433594
10.599662780761719
10.591934967041016
10.650253105163575
10.61884002685547
10.134088516235352
10.50130672454834
10.223794937133789
10.109783935546876
10.308423042297363
10.225883293151856
10.304487991333009
10.082662010192871
10.250685119628907
9.963985252380372
9.988845825195312
10.139403533935546
9.898077964782715
9.958491325378418
9.75675563812256
9.909086799621582
9.783273315429687
9.715812301635742
9.530810546875
9.9673246383667
9.796967506408691
9.547705078125
9.514750671386718
10.031984519958495
9.577988624572754
9.574427795410156
9.343767356872558
9.837326622009277
9.32481117248535
9.308431434631348
9.65794563293457
9.611558151245116
9.703903198242188
9.693626403808594
9.356905555725097
9.658247756958009
9.644054794311524
9.497709369659423
9.61683235168457
9.32286777496338
9.715790557861329
9.461231994628907
9.620765876770019
9.385228157043457
9.424395561218262
9.308274078369141
9.397126197814941
8.912621307373048
9.398026275634766
9.335753059387207
9.278528213500977
9.30414981842041
9.263873481750489
9.106939697265625
9.06738567352295
9.183265113830567
9.206720352172852
9.0778018951416
8.955920219421387
9.135701751708984
8.835403442382812
8.57571029663086
8.875271987915038
8.38940486907959
8.442137050628663
8.191686534881592
8.327613639831544
8.146396160125732
8.082913494110107
7.994118118286133
7.857248210906983
7.846995735168457
7.770804214477539
7.486586856842041
7.685263061523438
7.625601100921631
7.51611328125
7.409844589233399
7.457533550262451
7.38511209487915
7.388259983062744
7.511578750610352
7.281721305847168
7.227792835235595
7.2913134574890135
7.3882317543029785
7.302110481262207
7.145124912261963
7.3357545852661135
7.231679058074951
7.263081169128418
7.09584903717041
7.165035629272461
7.085190963745117
7.2734650611877445
7.14440221786499
7.159918594360351
7.165246486663818
7.037319183349609
7.211888027191162
6.94654016494751
7.03905553817749
7.024577808380127
7.01915225982666
7.007557106018067
6.946162414550781
7.014110088348389
6.788656330108642
7.05370397567749
6.936137008666992
6.957312297821045
6.948410987854004
6.802865505218506
6.8050590515136715
6.85236234664917
6.842698669433593
6.737297248840332
6.807599925994873
6.720536518096924
6.824007892608643
6.8335494041442875
6.769065093994141
6.670933723449707
6.606970691680909
6.5286940574646
6.606665229797363
6.857176494598389
6.747999858856201
6.625331687927246
6.645705032348633
6.582893943786621
6.564697742462158
6.451521110534668
6.341169166564941
6.287202453613281
6.565579414367676
6.573527145385742
6.513480281829834
6.42183837890625
6.444220352172851
6.573217868804932
6.29822416305542
6.319384288787842
6.391079711914062
6.2303694725036625
6.246019172668457
6.257138919830322
6.26165885925293
6.262256336212158
6.200559425354004
6.142169189453125
6.128104591369629
6.259044170379639
6.131415557861328
6.1022649765014645
6.013272666931153
6.08603458404541
5.971445846557617
