62.30595474243164
61.86814651489258
61.45677947998047
60.89291229248047
60.2464111328125
59.735250854492186
59.08081283569336
58.13423080444336
56.88520736694336
54.295161437988284
49.60605697631836
42.20140151977539
34.10045471191406
28.589875793457033
24.14367218017578
22.3985107421875
21.774697875976564
21.765177154541014
21.476859283447265
20.858089447021484
21.542278289794922
21.346370697021484
21.126252365112304
20.916070556640626
21.330951309204103
21.068333435058594
21.305064392089843
21.188779830932617
20.992850875854494
20.545181655883788
21.118540954589843
20.881228256225587
21.010841369628906
21.17483558654785
20.96661949157715
21.05836296081543
21.23568344116211
21.09182815551758
20.956835556030274
20.10834503173828
20.978682708740234
21.184612274169922
20.61019058227539
20.707612228393554
21.28464698791504
20.651171875
21.17071533203125
21.01209945678711
21.088793182373045
21.369427108764647
21.34420738220215
20.535618591308594
21.341460037231446
21.37333869934082
20.87110595703125
20.512200927734376
21.2734375
21.36237487792969
21.427684020996093
20.621752166748045
20.705538940429687
20.244931793212892
20.831958389282228
20.575140380859374
20.572977447509764
20.89067497253418
21.3593692779541
20.79722900390625
21.20557975769043
20.616003036499023
21.251828384399413
21.215913391113283
21.42245979309082
21.08432807922363
21.34653511047363
20.74396514892578
21.18132209777832
20.998870849609375
20.54404182434082
20.37765007019043
20.693215560913085
21.162509155273437
20.871717834472655
20.20624351501465
20.029007339477538
20.739447021484374
20.999832153320312
21.26707763671875
20.150186920166014
21.24821243286133
21.223078536987305
21.14934883117676
20.855010986328125
20.928638076782228
20.68778305053711
20.719375610351562
21.34413299560547
21.233675003051758
21.092415237426756
21.051383590698244
20.645475387573242
20.532746505737304
20.915778732299806
20.937064743041994
20.156550216674805
20.81611022949219
20.94197998046875
20.380126571655275
20.86541404724121
20.715273284912108
20.43212776184082
20.99491958618164
21.267147827148438
20.780395126342775
20.535168075561522
21.12460060119629
21.18617172241211
20.743349075317383
21.147506332397462
21.155432891845702
20.569167709350587
21.01591567993164
19.8591064453125
20.550455474853514
20.971581268310548
20.047522735595702
20.938784790039062
20.97156982421875
20.674731826782228
20.729747009277343
20.508924865722655
21.205146408081056
21.143391036987303
20.716350936889647
20.70428886413574
21.02437629699707
20.4845890045166
20.785820770263673
21.284580993652344
20.235894012451173
20.328327941894532
20.638702392578125
20.62245407104492
20.168207550048827
20.25610771179199
20.393288803100585
21.026096725463866
21.248235321044923
20.601652526855467
20.753965759277342
20.590569305419923
20.511294174194337
21.173590469360352
20.649223709106444
20.874582290649414
20.960539627075196
20.59438591003418
20.183622741699217
21.28842887878418
21.345068740844727
20.72985496520996
20.90221710205078
21.19859371185303
21.158180046081544
20.702511978149413
20.9870964050293
20.918820190429688
21.20902442932129
21.034103775024413
20.19949951171875
20.488146209716795
21.07217445373535
20.580538940429687
20.485468673706055
20.07698287963867
20.35888557434082
20.807500076293945
20.529609298706056
20.71982078552246
21.097800064086915
20.54668273925781
21.15618476867676
20.58628120422363
20.286382293701173
19.836024475097656
21.35226173400879
20.777982711791992
20.828522872924804
21.360431289672853
20.471458435058594
20.443443298339844
20.534156799316406
21.200344848632813
20.23821144104004
20.198519897460937
20.97853317260742
20.501107025146485
20.436017990112305
20.42987060546875
20.632200622558592
