57.27662887573242
56.629939270019534
56.31865234375
56.055894470214845
55.41092529296875
55.325598907470706
54.774407958984376
54.50224304199219
53.74437789916992
53.57057876586914
52.82626724243164
52.15126419067383
51.163824462890624
49.847136688232425
48.33748245239258
46.21554183959961
43.86754531860352
41.283721160888675
38.199214935302734
34.887255096435545
31.247422790527345
27.71924171447754
24.25522575378418
21.196456146240234
18.321146392822264
15.996332931518555
14.082592582702636
12.645205307006837
11.49531955718994
10.752852439880371
10.037514877319335
9.496424293518066
9.178160858154296
8.786662006378174
8.479104614257812
8.383214473724365
8.088618564605714
8.115540409088135
7.847533702850342
7.887047195434571
7.815622138977051
7.5989813804626465
7.597563552856445
7.25532751083374
7.35211296081543
7.035683059692383
6.966979217529297
7.063912868499756
6.874321174621582
6.852745819091797
6.8639599800109865
6.707265472412109
6.649346446990966
6.732610988616943
6.69471492767334
6.434661388397217
6.426080799102783
6.392117214202881
6.488302516937256
6.159928989410401
6.271745300292968
6.559660148620606
6.262200355529785
6.248487949371338
6.173070430755615
6.280207920074463
6.298650741577148
6.13587121963501
6.02370319366455
5.988585948944092
5.996728992462158
6.029874515533447
6.061433124542236
5.95233850479126
5.95813627243042
5.881816959381103
6.069158267974854
5.882357788085938
5.808028793334961
6.000702571868897
5.755172920227051
5.8535645484924315
5.727294921875
5.889174842834473
5.763914394378662
5.830486106872558
5.886816120147705
5.584537220001221
5.737843322753906
5.713401889801025
5.617747402191162
5.635234069824219
5.715953159332275
5.740798377990723
5.692507362365722
5.579693031311035
5.552939224243164
5.644949722290039
5.511988353729248
5.5516252517700195
5.560998249053955
5.582503128051758
5.593427658081055
5.595392894744873
5.582160091400146
5.541497039794922
5.602456283569336
5.463232421875
5.502434635162354
5.471167087554932
5.443505191802979
5.541676616668701
5.515299701690674
5.49111852645874
5.530157375335693
5.485620212554932
5.552773094177246
5.441380214691162
5.239626693725586
5.42275915145874
5.419237327575684
5.287615966796875
5.350013637542725
5.448118782043457
5.351520156860351
5.338157081604004
5.451925945281983
5.305721569061279
5.38481502532959
5.284151840209961
5.228021907806396
5.325100326538086
5.244781970977783
5.1739880561828615
5.2490010261535645
5.2267882347106935
5.198773670196533
5.302993965148926
5.230328750610352
5.218438720703125
5.1511406898498535
5.179593658447265
5.132276916503907
5.215078830718994
5.124266910552978
5.223935794830322
5.158923721313476
5.116238021850586
5.118423748016357
5.073300170898437
5.067536354064941
5.116096782684326
5.099780178070068
5.0322061538696286
5.066720771789551
4.9814839363098145
5.19377384185791
4.982432270050049
5.083332443237305
5.005407810211182
4.96925458908081
4.991238689422607
5.073671054840088
4.944927597045899
5.030681324005127
4.940787696838379
5.095912837982178
4.969109344482422
4.925857067108154
4.808454418182373
4.845061779022217
4.886776638031006
5.021455478668213
4.948124599456787
4.880590629577637
4.802682113647461
4.6766486167907715
4.932737064361572
4.75031852722168
4.894381999969482
4.928483676910401
4.848656845092774
4.865919303894043
4.808541774749756
4.755761623382568
4.765306854248047
4.6870654106140135
4.6152448654174805
4.667237377166748
4.692491054534912
4.677719688415527
4.626448345184326
4.621231365203857
4.677104663848877
4.666670227050782
4.523772144317627
4.616179370880127
4.59653377532959
4.582643795013428
4.603117322921753
