6.595083296298981
5.0231335163116455
3.9950750172138214
3.767071470618248
3.6828076243400574
3.6100657880306244
3.5122429877519608
3.3761414140462875
3.1758202612400055
2.956429362297058
2.8000866174697876
2.691170185804367
2.6326685398817062
2.5702139735221863
2.5074593275785446
2.450130596756935
2.402511790394783
2.3622773736715317
2.3241520076990128
2.2965177446603775
2.2846616357564926
2.2412372827529907
2.2140128761529922
2.2007223665714264
2.1851792111992836
2.1737053990364075
2.164233386516571
2.129726029932499
2.107930935919285
2.0962625220417976
2.080546699464321
2.078235447406769
2.0573710203170776
2.039222054183483
2.0259622633457184
2.0075188726186752
2.0015813782811165
1.9938534051179886
1.982329212129116
1.9795485138893127
1.9573450908064842
1.9437079280614853
1.930371344089508
1.9260645285248756
1.9112608209252357
1.902130588889122
1.8921516314148903
1.8786701932549477
1.8726621642708778
1.8613579645752907
1.8539621084928513
1.8521062210202217
1.8402576297521591
1.833567053079605
1.825294055044651
1.815278172492981
1.8038397058844566
1.79788139462471
1.7814079150557518
1.7704616636037827
1.7722338065505028
1.7677130624651909
1.7558057233691216
1.7485755607485771
1.740743711590767
1.7491584420204163
1.7424084171652794
1.7254231348633766
1.7149837464094162
1.7071398720145226
1.7040149867534637
1.6989707872271538
1.6856789886951447
1.6748518347740173
1.6699567660689354
1.6689836531877518
1.6658414229750633
1.668943926692009
1.65676761418581
1.648640975356102
1.6422884091734886
1.6382087171077728
1.631468951702118
1.6220187172293663
1.6155113577842712
1.6060553416609764
1.5945436209440231
1.5861838907003403
1.583069458603859
1.5876670256257057
1.587587721645832
1.5820479691028595
1.5684069097042084
1.5749241188168526
1.567662201821804
1.5479909926652908
1.541609562933445
1.5452188029885292
1.537355363368988
1.5255315005779266
1.5204439610242844
1.5144896432757378
1.5208521783351898
1.5165498107671738
1.516336351633072
1.5079942420125008
1.4957846701145172
1.4888152107596397
1.482512891292572
1.4735056683421135
1.4801198989152908
1.4767935276031494
1.468934342265129
1.4610841199755669
1.4584717750549316
1.4586264565587044
1.4531145170331001
1.442943312227726
1.4478740394115448
1.4426349699497223
1.435260847210884
1.4309638813138008
1.4255648851394653
1.4307376444339752
1.419732704758644
1.414377860724926
1.4025559350848198
1.4043343141674995
1.4081213176250458
1.4054596349596977
1.3954136967658997
1.390963800251484
1.380187302827835
1.3806786686182022
1.3812438398599625
1.3843223080039024
1.380733199417591
1.3763916492462158
1.3763137832283974
1.369615226984024
1.3577719181776047
1.3558153361082077
1.3566284030675888
1.3452788963913918
1.3438121005892754
1.3369301930069923
1.3348019272089005
1.3280979245901108
1.319555327296257
1.315111182630062
1.3093000054359436
1.307601273059845
1.308223158121109
1.3132664561271667
1.3156974241137505
1.304218515753746
1.2953908666968346
1.2890810891985893
1.29343181848526
1.2918949276208878
1.2874709144234657
1.281570442020893
1.2790385261178017
1.2698620781302452
1.2694388031959534
1.2652901485562325
1.2641858458518982
1.2732831090688705
1.2676490470767021
1.2679075822234154
1.267482839524746
1.2602126449346542
1.2575168460607529
1.2459364607930183
1.2418730482459068
1.24545369297266
1.2422695383429527
1.2454154938459396
1.2314313724637032
1.2227743268013
1.2209580168128014
1.2208129987120628
1.2136791348457336
1.2115860059857368
1.216860592365265
1.2228277772665024
1.218443751335144
1.2152641490101814
1.2226759120821953
1.2115720212459564
1.1995181888341904
1.190351739525795
1.183849260210991
1.1873457878828049
1.1820684149861336
1.183230347931385
1.183496281504631
1.1752321049571037
1.1733553111553192
1.169204406440258
