6.4583781361579895
5.400979727506638
4.388192787766457
3.883973076939583
3.708066090941429
3.574594095349312
3.3384659737348557
3.0985876470804214
2.9328627586364746
2.794499918818474
2.677213340997696
2.582215428352356
2.500885456800461
2.4355820566415787
2.389561101794243
2.3399012684822083
2.2916605472564697
2.2662363797426224
2.2182376831769943
2.1871299520134926
2.167806640267372
2.1355943083763123
2.1012323275208473
2.079598270356655
2.062800347805023
2.0653362199664116
2.0258578956127167
2.0014144256711006
1.985972747206688
1.971601240336895
1.9496543407440186
1.9310201108455658
1.914302222430706
1.9076371416449547
1.8957135528326035
1.8620431199669838
1.847271703183651
1.8337584137916565
1.8097004666924477
1.7937197461724281
1.7826622650027275
1.7662990391254425
1.7579813823103905
1.7405946850776672
1.7178278863430023
1.7003649920225143
1.683583177626133
1.6713691130280495
1.6584028750658035
1.6439475864171982
1.6350435018539429
1.6297258362174034
1.6029973104596138
1.5868761762976646
1.5831675603985786
1.5724031701683998
1.5572965294122696
1.5448696464300156
1.5302119925618172
1.5207143425941467
1.512210264801979
1.5005176737904549
1.4918187409639359
1.4773224890232086
1.4834879785776138
1.457386277616024
1.445539653301239
1.4420743733644485
1.4445752948522568
1.4262521117925644
1.4113610982894897
1.4002743363380432
1.3878666162490845
1.3821460530161858
1.375372551381588
1.3628630489110947
1.353957049548626
1.3434416949748993
1.3374268487095833
1.3272880986332893
1.3205900490283966
1.316265694797039
1.3091132268309593
1.3002451658248901
1.2951146513223648
1.2801013812422752
1.280670166015625
1.2793654724955559
1.2580017149448395
1.2489109262824059
1.2374242469668388
1.23330869525671
1.2310447096824646
1.222319670021534
1.21583192050457
1.213489718735218
1.2066562250256538
1.2022108808159828
1.1965883672237396
1.1839612945914268
1.174401693046093
1.1768873110413551
1.1639459282159805
1.1509072035551071
1.152441717684269
1.1533083617687225
1.1487753242254257
1.132262110710144
1.1301484927535057
1.1247552633285522
1.1157715767621994
1.1055450662970543
1.1185785681009293
1.113219704478979
1.096344918012619
1.090060018002987
1.0778065770864487
1.0679040253162384
1.0635305792093277
1.0576754473149776
1.0558613762259483
1.0483339875936508
1.0465345531702042
1.0455559752881527
1.0383544191718102
1.0268299356102943
1.0226529203355312
1.0289208255708218
1.0218832157552242
1.0091086626052856
1.0046693682670593
1.004229199141264
1.0041671805083752
0.998294323682785
0.9980017617344856
1.001682359725237
0.9879288785159588
0.9774039126932621
0.971003632992506
0.9683963134884834
0.9615742824971676
0.9646946005523205
0.9609347097575665
0.9473236948251724
0.9414048567414284
0.9417105503380299
0.9417655356228352
0.9401125609874725
0.9335209168493748
0.9244942218065262
0.9172100313007832
0.9104581959545612
0.9077833481132984
0.9086381867527962
0.9163207300007343
0.9060696251690388
0.8985824882984161
0.8906669691205025
0.885283175855875
0.8874661587178707
0.884362231940031
0.8873356804251671
0.9007581286132336
0.8897968381643295
0.8727276921272278
0.8645234927535057
0.866434209048748
0.8599172756075859
0.8527484610676765
0.8486230634152889
0.8484875112771988
0.8414459936320782
0.8420502617955208
0.8384415693581104
0.8308449611067772
0.833572756499052
0.8255470655858517
0.8241810873150826
0.8173251561820507
0.8162147030234337
0.8245485760271549
0.8251306265592575
0.8168675191700459
0.8119026869535446
0.8032982833683491
0.7965369634330273
0.7957340143620968
0.7950158007442951
0.7938940525054932
0.7946568317711353
0.7922003082931042
0.7929951213300228
0.7953106202185154
0.7848198562860489
0.7752811945974827
0.7732240483164787
0.7660574726760387
0.7726930715143681
0.7738719992339611
0.7666159085929394
