7.086882025003433
6.116326302289963
5.110041052103043
4.49309116601944
4.260763451457024
4.126542896032333
4.010493606328964
3.9132952988147736
3.7131258696317673
3.3782055974006653
3.1711041033267975
3.044534668326378
2.9322646856307983
2.8383362740278244
2.7600311040878296
2.711022138595581
2.6251474618911743
2.5669103264808655
2.546064332127571
2.5042994916439056
2.4797044843435287
2.4375667572021484
2.396576002240181
2.3588351607322693
2.3375797271728516
2.301727995276451
2.278097242116928
2.252036303281784
2.2457627803087234
2.235012501478195
2.2034289240837097
2.165005750954151
2.1396986842155457
2.1231522262096405
2.1042314767837524
2.1027597412467003
2.073645032942295
2.0522784292697906
2.0329630002379417
2.025707520544529
2.006402686238289
1.9802112951874733
1.9696128815412521
1.9549924358725548
1.9470848739147186
1.9254067316651344
1.905355952680111
1.8840686157345772
1.8628631606698036
1.8513231500983238
1.8345862030982971
1.8226784393191338
1.8140341117978096
1.8091948255896568
1.7828265652060509
1.7579261735081673
1.749908447265625
1.737021304666996
1.7179252728819847
1.7084898948669434
1.7044880464673042
1.6853263825178146
1.6632152050733566
1.6576056107878685
1.642562784254551
1.6307594999670982
1.6185189113020897
1.595359206199646
1.590359166264534
1.58417047560215
1.5643732398748398
1.550247848033905
1.5453896075487137
1.5346163287758827
1.5244188755750656
1.5227300003170967
1.5192137882113457
1.4911610037088394
1.4814661294221878
1.4703629538416862
1.4614804685115814
1.4659775272011757
1.4595158994197845
1.4298613294959068
1.4165920689702034
1.4009183943271637
1.3950018882751465
1.3896193131804466
1.3788527473807335
1.3692491203546524
1.3542886972427368
1.3486709967255592
1.3462384268641472
1.3381914123892784
1.3334183916449547
1.3204149082303047
1.3158284425735474
1.3218995407223701
1.2984493002295494
1.2863550633192062
1.278026394546032
1.2767047062516212
1.2649314776062965
1.2544184997677803
1.244551956653595
1.2457616329193115
1.2412742301821709
1.2374506145715714
1.2295741960406303
1.227791242301464
1.2243576645851135
1.20266043394804
1.1927126720547676
1.18584343791008
1.1795168742537498
1.189134158194065
1.1864200457930565
1.1616503149271011
1.1720853596925735
1.1669258251786232
1.1462382078170776
1.1335725709795952
1.1296056285500526
1.117854855954647
1.1186959482729435
1.1126407086849213
1.1165488064289093
1.1074540689587593
1.0966337844729424
1.0892883650958538
1.0776964649558067
1.0807619877159595
1.076067715883255
1.0687834732234478
1.0612471960484982
1.0610621869564056
1.0556407012045383
1.048906609416008
1.0386969335377216
1.0407494604587555
1.0292945429682732
1.0268073379993439
1.0240828432142735
1.019847922027111
1.0218446888029575
1.0170811265707016
1.0088694170117378
1.0076055862009525
0.9977334700524807
0.992767758667469
0.9872578009963036
0.9850828945636749
0.9936782903969288
0.980547983199358
0.9762221127748489
0.9684143774211407
0.9685735031962395
0.9585978947579861
0.9515813365578651
0.9489282853901386
0.940956350415945
0.9321711510419846
0.939489658921957
0.9329981431365013
0.9273703284561634
0.9358299449086189
0.9319554306566715
0.9265405274927616
0.9207300134003162
0.9295204840600491
0.9147861078381538
0.9101665318012238
0.8997010216116905
0.8892339542508125
0.8932341560721397
0.8981126435101032
0.9054105244576931
0.8957804180681705
0.8830481022596359
0.8722512573003769
0.866701029241085
0.8626398220658302
0.8661525137722492
0.8767948858439922
0.8695016428828239
0.8595968671143055
0.8546795137226582
0.8518505170941353
0.8427039459347725
0.8352461494505405
0.8368653692305088
0.8350532092154026
0.8439703769981861
0.847074206918478
0.8373013883829117
0.8257960490882397
0.8246266059577465
0.8196575231850147
0.8171801865100861
0.8143496662378311
