7.316656708717346
6.851583898067474
5.756228595972061
5.135371714830399
4.90934556722641
4.76662877202034
4.657538652420044
4.5355086624622345
4.365798473358154
4.19810825586319
4.058875218033791
3.9734235256910324
3.8799485713243484
3.816919729113579
3.7801195085048676
3.731451228260994
3.6665116399526596
3.626155346632004
3.6000039875507355
3.56201209127903
3.515956148505211
3.5009590536355972
3.466506153345108
3.426424577832222
3.401439890265465
3.393468737602234
3.356723368167877
3.3268601149320602
3.3089925795793533
3.301869198679924
3.2755459249019623
3.2677092403173447
3.235288619995117
3.2139686048030853
3.1970211565494537
3.185225710272789
3.165321484208107
3.140940800309181
3.136295258998871
3.1194958239793777
3.104504346847534
3.0870832055807114
3.077489525079727
3.0589332580566406
3.053262010216713
3.039594292640686
3.021607130765915
3.010343477129936
3.01707860827446
2.986237183213234
2.9680395871400833
2.9717257618904114
2.974747285246849
2.9416633546352386
2.9309393763542175
2.9242860078811646
2.9362497478723526
2.9087395071983337
2.8875902891159058
2.871752068400383
2.874756932258606
2.864369362592697
2.8748470693826675
2.846794009208679
2.832531601190567
2.8282849490642548
2.8221451938152313
2.811142161488533
2.7968585938215256
2.7994561940431595
2.790883257985115
2.767751768231392
2.7744527012109756
2.7646344751119614
2.7531841546297073
2.734803155064583
2.725618362426758
2.7199004143476486
2.7206532657146454
2.71180959045887
2.7151792645454407
2.7018645852804184
2.682446852326393
2.6666350811719894
2.66168874502182
2.660292327404022
2.671648696064949
2.664812982082367
2.6470888555049896
2.64799265563488
2.6324475556612015
2.622593253850937
2.621495485305786
2.606396034359932
2.6118763834238052
2.608818456530571
2.6024049818515778
2.6078346520662308
2.5934490114450455
2.575286716222763
2.5673560202121735
2.5695124715566635
2.5742533206939697
2.581804022192955
2.5641492009162903
2.5477775931358337
2.53826405107975
2.5335240364074707
2.5260587483644485
2.5169001817703247
2.522407367825508
2.5109180957078934
2.504640981554985
2.5064975023269653
2.502174884080887
2.5047989934682846
2.5011709183454514
2.510793164372444
2.4904551208019257
2.4787477403879166
2.474617838859558
2.455802731215954
2.4548374861478806
2.457456037402153
2.4479246735572815
2.4423343390226364
2.439609169960022
2.4332953840494156
2.4227093011140823
2.421619273722172
2.4249211102724075
2.428208500146866
2.4176759123802185
2.41216878592968
2.402432456612587
2.3967626839876175
2.3994550555944443
2.3994488045573235
2.3923273384571075
2.3917399644851685
2.3793954253196716
2.380056545138359
2.3764660954475403
2.3724488466978073
2.371362790465355
2.3719989210367203
2.375989705324173
2.369675040245056
2.3688550516963005
2.359094485640526
2.348835274577141
2.344362333416939
2.345816507935524
2.3364493250846863
2.3338461071252823
2.334813416004181
2.334860198199749
2.330410271883011
2.33099402487278
2.320077657699585
2.3100599348545074
2.3033856004476547
2.3024010211229324
2.304617390036583
2.3044035732746124
2.3009837865829468
2.2931292802095413
2.2975397408008575
2.2947522699832916
2.293010637164116
2.301430970430374
2.29583041369915
2.293658457696438
2.291845381259918
2.2880363538861275
2.2788470834493637
2.2798840701580048
2.2711500376462936
2.266409158706665
2.272018179297447
2.267027363181114
2.265023022890091
2.2617039307951927
2.2587379813194275
2.2594342455267906
2.2652146369218826
2.2603040039539337
2.2606185600161552
2.2669156193733215
2.2555538713932037
2.241342209279537
2.2431169003248215
2.235054172575474
2.2338393479585648
2.23154678940773
2.2367440313100815
2.227561354637146
2.2292256951332092
2.2367114052176476
2.2313058972358704
