7.042140156030655
4.244834378361702
3.839175760746002
3.723296642303467
3.521846354007721
3.3139779418706894
3.18802447617054
2.990062326192856
2.592175230383873
2.3554281443357468
2.2253081053495407
2.102441117167473
1.9912944585084915
1.904411569237709
1.8275813534855843
1.7718946114182472
1.71389801800251
1.6617863103747368
1.6265214085578918
1.5719323307275772
1.534129410982132
1.5100818052887917
1.4793695285916328
1.4476149529218674
1.4364577382802963
1.4147421270608902
1.382553979754448
1.3603151962161064
1.337070681154728
1.3182736784219742
1.2955450043082237
1.2739233002066612
1.2599372938275337
1.2500328049063683
1.224655345082283
1.2019042447209358
1.1830828413367271
1.1682341918349266
1.1495635211467743
1.1386265307664871
1.1194783635437489
1.1061732098460197
1.0966302827000618
1.0830841585993767
1.07121142745018
1.0562298186123371
1.0511651448905468
1.0355191603302956
1.0199549421668053
1.0091926604509354
0.9998635202646255
0.9916356950998306
0.9833761602640152
0.9725181460380554
0.9638853333890438
0.955237403512001
0.9437583982944489
0.9404916130006313
0.9330021180212498
0.9220945201814175
0.9177236631512642
0.9060294404625893
0.8976803496479988
0.9026317410171032
0.8919637575745583
0.8806351162493229
0.8734077550470829
0.8649902157485485
0.858133889734745
0.8493812531232834
0.8464173153042793
0.8395416773855686
0.8325427584350109
0.8294665776193142
0.8270347490906715
0.8214715644717216
0.8118141740560532
0.8033525459468365
0.8007783778011799
0.7983001321554184
0.7929559722542763
0.7863987237215042
0.777990784496069
0.77296082675457
0.7701386250555515
0.7630023919045925
0.757502093911171
0.7544939070940018
0.7518003210425377
0.7545456439256668
0.7464091517031193
0.7448179386556149
0.7389321103692055
0.7310344241559505
0.7258521802723408
0.7205214686691761
0.7188703306019306
0.7185859605669975
0.7144442461431026
0.7054634466767311
0.709386333823204
0.7025242671370506
0.6997428089380264
0.6908968314528465
0.6878616325557232
0.6843384467065334
0.6795393861830235
0.6756063550710678
0.6726854145526886
0.6695126891136169
0.6678484864532948
0.6623771116137505
0.6569241285324097
0.6561834923923016
0.6546081155538559
0.6500260941684246
0.6451013945043087
0.6417972780764103
0.640670046210289
0.6369842067360878
0.6365144476294518
0.6330893337726593
0.6252800859510899
0.621124867349863
0.6189175359904766
0.6163097657263279
0.6159311570227146
0.6154821440577507
0.6115792207419872
0.6100894212722778
0.6056107766926289
0.5982564836740494
0.5957866050302982
0.5954400300979614
0.5914601273834705
0.5926509127020836
0.596340537071228
0.5932982787489891
0.5861072279512882
0.5821870006620884
0.5771350637078285
0.5749505646526814
0.5688363797962666
0.5662998184561729
0.563597783446312
0.5607400126755238
0.5650896020233631
0.5707185566425323
0.5603208132088184
0.5569751337170601
0.5537283048033714
0.5475034564733505
0.5448086895048618
0.5439839139580727
0.5444124639034271
0.5385669060051441
0.5408838223665953
0.5409091711044312
0.5353328995406628
0.5333755873143673
0.5276825241744518
0.5267388690263033
0.5243674926459789
0.5209032148122787
0.5205508656799793
0.523556649684906
0.5174277126789093
0.5169498138129711
0.5129363238811493
0.5088786222040653
0.5074265655130148
0.5050251819193363
0.49947730265557766
0.5005442034453154
0.5016373973339796
0.49613911658525467
0.49659386835992336
0.49482293985784054
0.4925467483699322
0.4925071429461241
0.4910141061991453
0.4979838952422142
0.48469819873571396
0.47963400185108185
0.47895361855626106
0.4759015887975693
0.47652204893529415
0.47008735314011574
0.4686782695353031
0.4651375636458397
0.46574160270392895
0.46641453728079796
0.4638593904674053
0.45842912048101425
0.4558595363050699
0.4582593161612749
0.4637303054332733
0.4622655473649502
0.4536094944924116
0.45021949149668217
