6.8640938103199005
5.949156641960144
5.129540264606476
4.5922130942344666
4.28523813188076
4.1242354065179825
4.021275192499161
3.900218904018402
3.6013282537460327
3.3393477350473404
3.2029638439416885
3.103965938091278
3.0157628804445267
2.9296378046274185
2.851716086268425
2.764543041586876
2.7009954005479813
2.6395479440689087
2.590005412697792
2.5496069490909576
2.525512143969536
2.484475776553154
2.441627249121666
2.4018702507019043
2.3799488097429276
2.343386709690094
2.327383831143379
2.2991586923599243
2.299714684486389
2.288486495614052
2.239968001842499
2.2094017043709755
2.1893618404865265
2.1607788652181625
2.1427065432071686
2.1336843967437744
2.1053654849529266
2.0830688774585724
2.069827474653721
2.056984432041645
2.035257898271084
2.0143398866057396
2.005654126405716
1.9883943498134613
1.957530178129673
1.9341979175806046
1.915471002459526
1.9036462530493736
1.8823489844799042
1.863655336201191
1.8431638330221176
1.8408296704292297
1.8442183881998062
1.8148606419563293
1.7897952795028687
1.7730204686522484
1.7558668628335
1.7397455647587776
1.7301876619458199
1.7194109335541725
1.7092010155320168
1.688308946788311
1.683297835290432
1.6734984144568443
1.647181749343872
1.6404003873467445
1.6270959824323654
1.6068202555179596
1.6209343373775482
1.6235127374529839
1.602545090019703
1.57586120814085
1.565646044909954
1.5594032481312752
1.5453507229685783
1.5326170697808266
1.5225805640220642
1.5139693021774292
1.5054613798856735
1.4941503778100014
1.4823968932032585
1.474508784711361
1.47944725304842
1.4598131030797958
1.4511528834700584
1.4393013268709183
1.4307821244001389
1.4193255305290222
1.4158341139554977
1.4178957864642143
1.3969751745462418
1.3846385404467583
1.3766114115715027
1.3698754534125328
1.3786799684166908
1.3690822944045067
1.360058717429638
1.3547117933630943
1.3311447650194168
1.33601825684309
1.3228811994194984
1.317803055047989
1.3133509904146194
1.3028723672032356
1.2933272868394852
1.2947299629449844
1.2877684608101845
1.2785939872264862
1.2638709768652916
1.2640440836548805
1.25790686160326
1.2538786306977272
1.2448967024683952
1.2357433661818504
1.2406608909368515
1.236884668469429
1.2259082272648811
1.212526060640812
1.2130280509591103
1.2029527723789215
1.1928110122680664
1.18581223487854
1.179304152727127
1.170630894601345
1.1700683757662773
1.1684391498565674
1.1643671989440918
1.156782254576683
1.1461302116513252
1.1435448750853539
1.1354339495301247
1.1322744116187096
1.129031702876091
1.130335584282875
1.121004194021225
1.1208341866731644
1.1234613731503487
1.11153881624341
1.1169004663825035
1.1036260947585106
1.0909319669008255
1.0822187885642052
1.0862802937626839
1.0698987692594528
1.065381407737732
1.062013614922762
1.0633156821131706
1.0649340376257896
1.0588051788508892
1.0484896674752235
1.0461061857640743
1.0369754247367382
1.0345484614372253
1.023662194609642
1.0206905379891396
1.0219838321208954
1.0255393460392952
1.0301525369286537
1.0230530314147472
1.0154515020549297
1.0009662955999374
0.9990102536976337
0.9932994358241558
0.9982595555484295
0.9893175475299358
0.9857933707535267
0.9787717722356319
0.9745390489697456
0.9757188409566879
0.9777182340621948
0.9739979617297649
0.9730453416705132
0.9591383412480354
0.9551384225487709
0.9548381008207798
0.9501854367554188
0.9601025767624378
0.9526023864746094
0.940965075045824
0.9297588430345058
0.9280327297747135
0.9264585971832275
0.933694776147604
0.936979629099369
0.9320588521659374
0.9296528548002243
0.9229344129562378
0.9170612841844559
0.9115073829889297
0.9085123501718044
0.9021278358995914
0.8979843370616436
0.9049248620867729
0.9175328053534031
0.8993686959147453
0.8987726829946041
0.8872758597135544
0.8850149363279343
0.8893860429525375
0.8874627538025379
