6.9850790202617645
5.892787307500839
5.39613938331604
4.641624063253403
4.230317577719688
4.030180469155312
3.863196477293968
3.5585984587669373
3.332058683037758
3.2005803883075714
3.1226906776428223
3.056567370891571
2.980377957224846
2.9149028956890106
2.8466857820749283
2.783915728330612
2.733887478709221
2.6801500022411346
2.6377889066934586
2.6075474619865417
2.5902851670980453
2.5512745082378387
2.5043665021657944
2.459985673427582
2.4364019632339478
2.398396536707878
2.363200142979622
2.3398023694753647
2.3402245193719864
2.3128741085529327
2.293727368116379
2.261091858148575
2.2441790401935577
2.2184968888759613
2.1980252414941788
2.2004968225955963
2.194571316242218
2.1579612642526627
2.12671672552824
2.12133701890707
2.110516235232353
2.0824012458324432
2.0927757993340492
2.0703192055225372
2.0470193922519684
2.027328111231327
2.0164635702967644
2.0036719292402267
1.9815221950411797
1.966373860836029
1.9555053189396858
1.953673280775547
1.947636142373085
1.9311767145991325
1.8997782319784164
1.8891542553901672
1.8838223591446877
1.8771068826317787
1.857747234404087
1.8471854105591774
1.8343288749456406
1.8184643536806107
1.807130604982376
1.8130265772342682
1.794814608991146
1.7838524207472801
1.7663972675800323
1.7620406225323677
1.7574376091361046
1.7421688437461853
1.7214048877358437
1.7137343063950539
1.7042088732123375
1.6912271454930305
1.6770808845758438
1.6842513680458069
1.6662459149956703
1.65110944211483
1.6482987701892853
1.6509023383259773
1.6335817649960518
1.6136211082339287
1.6074572950601578
1.5976326242089272
1.5911431014537811
1.5864252597093582
1.5743467137217522
1.5622064396739006
1.5572929680347443
1.5550825968384743
1.60011176019907
1.5641645938158035
1.5515942871570587
1.5390500202775002
1.5279828757047653
1.5162645429372787
1.4978473633527756
1.4969678819179535
1.4950441122055054
1.4832960069179535
1.4788609072566032
1.4611940011382103
1.4667626693844795
1.4596095234155655
1.4429571852087975
1.4344345703721046
1.4297907203435898
1.422392651438713
1.414929561316967
1.408612996339798
1.4088133499026299
1.4024068489670753
1.3952945545315742
1.3982905149459839
1.3927746787667274
1.3900440260767937
1.3890211060643196
1.3797241225838661
1.3669778406620026
1.36357980966568
1.3534903228282928
1.3529333248734474
1.3441766798496246
1.3373441845178604
1.3373434767127037
1.3208586871623993
1.3168696910142899
1.3130578324198723
1.311619445681572
1.3029536679387093
1.2947763204574585
1.2917323261499405
1.2837940752506256
1.2767009511590004
1.2752194479107857
1.2766476944088936
1.2700597196817398
1.2663501054048538
1.2560413405299187
1.2541783675551414
1.2575574442744255
1.2800529077649117
1.280515007674694
1.2554095387458801
1.240573175251484
1.2379046082496643
1.2316802740097046
1.227946661412716
1.21959488093853
1.215605229139328
1.222861535847187
1.2203006073832512
1.2026373967528343
1.1942497119307518
1.195084996521473
1.208527609705925
1.2085886746644974
1.188648208975792
1.176510438323021
1.1672363206744194
1.161150611937046
1.165755920112133
1.1559770181775093
1.1607054248452187
1.15134147554636
1.1471193358302116
1.1474099531769753
1.136783167719841
1.1318462863564491
1.1268541514873505
1.1237908527255058
1.1295293867588043
1.1248144134879112
1.116012915968895
1.1167978569865227
1.1179755553603172
1.1140332594513893
1.1100602820515633
1.1068558394908905
1.1083967089653015
1.1191514730453491
1.1154636964201927
1.1011696755886078
1.0896280072629452
1.080177340656519
1.0792575851082802
1.0848388075828552
1.0903984382748604
1.083017461001873
1.0779826119542122
1.070087693631649
1.0672570131719112
1.0615758672356606
1.0533981882035732
1.0502696223556995
1.0506987050175667
1.047081496566534
1.0398351103067398
1.0394093319773674
1.032866857945919
