6.8414206802845
4.342357411980629
4.028413906693459
3.9075154215097427
3.5172941237688065
2.850666269659996
2.6272823214530945
2.5069905519485474
2.389639303088188
2.2611716836690903
2.156763270497322
2.0603888630867004
1.9623719826340675
1.889488346874714
1.8165868371725082
1.7471341267228127
1.6897065117955208
1.6314290091395378
1.5852906256914139
1.5397439524531364
1.5064954906702042
1.461839772760868
1.4313336983323097
1.3959354534745216
1.359488807618618
1.3309169188141823
1.3012097924947739
1.282800167798996
1.2543724104762077
1.2268870994448662
1.1975670605897903
1.1748480573296547
1.1671576723456383
1.1406001783907413
1.115966286510229
1.0927996635437012
1.0690541714429855
1.0543441623449326
1.0320189893245697
1.0183189027011395
0.9925007410347462
0.9724157080054283
0.9536836892366409
0.9344626702368259
0.919466033577919
0.9012917950749397
0.8947228826582432
0.8732584901154041
0.8533971048891544
0.839414969086647
0.8307333625853062
0.8194946646690369
0.8043082803487778
0.794053677469492
0.7879130430519581
0.775233332067728
0.7580736689269543
0.7465610802173615
0.7336351834237576
0.7269388660788536
0.7223005965352058
0.7130911163985729
0.6976046934723854
0.6948465183377266
0.7023198530077934
0.6882091425359249
0.6674243323504925
0.655261691659689
0.6468718238174915
0.6340011581778526
0.6270354762673378
0.6197717860341072
0.6122315749526024
0.604542326182127
0.6012617610394955
0.593625333160162
0.5860137678682804
0.5793655961751938
0.5707111619412899
0.5695293135941029
0.5602479204535484
0.55923717841506
0.5587845928966999
0.547350125387311
0.5392434280365705
0.5272896531969309
0.5228917486965656
0.5163497272878885
0.5120373368263245
0.5077711548656225
0.5069146733731031
0.5036930646747351
0.4924399256706238
0.49254920706152916
0.4880207125097513
0.4790641237050295
0.47052097506821156
0.46806846372783184
0.4669484868645668
0.4550758767873049
0.45632415637373924
0.4536475744098425
0.44650474935770035
0.4420009795576334
0.4370253700762987
0.438787080347538
0.43588596023619175
0.42851780727505684
0.4208388663828373
0.415155328810215
0.4199736248701811
0.41455272398889065
0.4062931779772043
0.39830190502107143
0.3944963086396456
0.3916575536131859
0.38712611980736256
0.3826031945645809
0.382766492664814
0.382227698341012
0.38293780386447906
0.37878432869911194
0.3715608026832342
0.3636049721390009
0.3569925222545862
0.35467398166656494
0.35275547951459885
0.3537175003439188
0.3490498661994934
0.34309303015470505
0.3471557516604662
0.33987094461917877
0.33501377888023853
0.3349061831831932
0.3315011914819479
0.32703083381056786
0.32548678293824196
0.3246236052364111
0.32100353948771954
0.3402443639934063
0.3292151540517807
0.3150975126773119
0.3103704247623682
0.3100005779415369
0.30669793114066124
0.30241401866078377
0.30089202895760536
0.2992855776101351
0.29401971213519573
0.2903863191604614
0.2859636601060629
0.2849251311272383
0.28906729258596897
0.2848794125020504
0.28147690184414387
0.2756680864840746
0.2737903371453285
0.27056781481951475
0.2668132930994034
0.28159512020647526
0.27404849603772163
0.2690741140395403
0.2610714063048363
0.25991187896579504
0.2579966662451625
0.2558146845549345
0.2542130220681429
0.2509977174922824
0.2491871165111661
0.24903589207679033
0.24908936489373446
0.2502425769343972
0.2421876834705472
0.241131829097867
0.2385224960744381
0.23592330049723387
0.23318169452250004
0.23456482775509357
0.2309531345963478
0.22595402039587498
0.22400147281587124
0.2230710107833147
0.22109404951334
0.22160877846181393
0.23395671509206295
0.22929713781923056
0.2184095699340105
0.2150390138849616
0.2113854931667447
0.2183375023305416
0.21898807026445866
0.21271979250013828
0.20427073165774345
0.20171786192804575
0.19948582723736763
0.19848559889942408
0.19712758343666792
0.19967078417539597
0.19576796051114798
0.20956875383853912
