7.2878173887729645
5.156757891178131
4.084050968289375
3.7620438933372498
3.423995226621628
3.020876035094261
2.823496103286743
2.7108737230300903
2.6109016239643097
2.547492653131485
2.4824060648679733
2.4159756302833557
2.329894796013832
2.2356743663549423
2.131962329149246
2.0611423328518867
2.011723607778549
1.9595149829983711
1.9274948760867119
1.9044850170612335
1.874152548611164
1.8345470130443573
1.7996371984481812
1.7732784301042557
1.7509050443768501
1.7354168593883514
1.7128412202000618
1.6944290027022362
1.6813629791140556
1.6610827520489693
1.6465560868382454
1.64280366897583
1.6181045547127724
1.5976612269878387
1.5864102989435196
1.5776210278272629
1.5616402104496956
1.548743911087513
1.5295323356986046
1.5129937529563904
1.4996125102043152
1.4882974848151207
1.4765385016798973
1.4656063243746758
1.4495561346411705
1.4410401731729507
1.4245278388261795
1.4095358550548553
1.3938520327210426
1.386125884950161
1.3742769062519073
1.3698128014802933
1.3523721024394035
1.3375843167304993
1.3285920843482018
1.319746419787407
1.3076287880539894
1.2977916896343231
1.287578135728836
1.2714634090662003
1.2730947360396385
1.2552422881126404
1.2407399490475655
1.2287444472312927
1.2186178788542747
1.2104878574609756
1.1996272429823875
1.1894629672169685
1.1808392256498337
1.1750169321894646
1.161706581711769
1.153374470770359
1.1434731408953667
1.1417622938752174
1.1337294280529022
1.1250847540795803
1.1147468462586403
1.1044158563017845
1.0923988744616508
1.086974836885929
1.0778858587145805
1.0710795372724533
1.0635228864848614
1.0565184354782104
1.0481232330203056
1.0408357307314873
1.032202210277319
1.0270813927054405
1.0182667262852192
1.01360622048378
1.0106935240328312
0.9986112676560879
0.9945144839584827
0.9886250607669353
0.9786357395350933
0.973956786096096
0.9679496735334396
0.9605523385107517
0.9502194486558437
0.9459048211574554
0.9426308572292328
0.936782643198967
0.9325077272951603
0.9270187541842461
0.9176437929272652
0.9097869880497456
0.9020618237555027
0.8971592932939529
0.8949919976294041
0.8870512619614601
0.87932288646698
0.8721810951828957
0.8654376193881035
0.8646603263914585
0.8591253682971001
0.8506990820169449
0.842801321297884
0.8353529050946236
0.8393025323748589
0.830586202442646
0.8260168619453907
0.8183861896395683
0.8115655519068241
0.802944291383028
0.8030890487134457
0.795888964086771
0.7874800302088261
0.7819795943796635
0.7822863049805164
0.7760090455412865
0.7688314355909824
0.7693338617682457
0.7695849649608135
0.7607991583645344
0.7619797252118587
0.7565660923719406
0.7437336295843124
0.7356626391410828
0.7266694344580173
0.7223856709897518
0.7190145663917065
0.7158325687050819
0.7149855345487595
0.7113941833376884
0.7085914947092533
0.701309822499752
0.7008568234741688
0.6984534673392773
0.7071024514734745
0.6980074718594551
0.6848729625344276
0.6753386817872524
0.673373393714428
0.6653033159673214
0.6602482944726944
0.6555433608591557
0.6550029739737511
0.6510270833969116
0.643791276961565
0.6366553418338299
0.635340690612793
0.6341296173632145
0.6281087249517441
0.6245377622544765
0.6186473071575165
0.6171295046806335
0.6170322299003601
0.6177799813449383
0.6170994862914085
0.6111089996993542
0.6065807975828648
0.5975596569478512
0.5911750830709934
0.5841388627886772
0.5824390798807144
0.5823527537286282
0.5760868936777115
0.5737103931605816
0.57074124366045
0.5656079910695553
0.5604116469621658
0.5572864636778831
0.5505133755505085
0.5517880320549011
0.5502263829112053
0.5457314141094685
0.54356399923563
0.5381568968296051
0.5314661525189877
0.5265070274472237
0.5257199462503195
0.5234258398413658
0.5183291956782341
0.5129900109022856
0.5071606785058975
0.5081884358078241
0.5140082351863384
0.5112180151045322
0.5031622909009457
0.5022055134177208
