7.259840339422226
5.722089558839798
4.819348305463791
4.114671483635902
3.860540449619293
3.734767884016037
3.6520209461450577
3.5554221868515015
3.375166207551956
3.097162127494812
2.8941628634929657
2.767552763223648
2.6974230259656906
2.618801072239876
2.5730651766061783
2.5158417522907257
2.4591056555509567
2.4014087170362473
2.35903063416481
2.3377630636096
2.2912903428077698
2.2524260953068733
2.225772902369499
2.194495216012001
2.183134004473686
2.1485171914100647
2.114602006971836
2.1024534702301025
2.085625506937504
2.060746192932129
2.0392500907182693
2.0271613746881485
2.00467149913311
1.9856933131814003
1.967917561531067
1.9533590748906136
1.9503284618258476
1.9319222643971443
1.9164191484451294
1.9024353325366974
1.8889648914337158
1.8838526830077171
1.8677508234977722
1.8547763377428055
1.8443470001220703
1.8393002972006798
1.8265168890357018
1.810837596654892
1.7999434247612953
1.7890647798776627
1.7849628925323486
1.780491292476654
1.7648905664682388
1.7524415701627731
1.7451209500432014
1.7335628122091293
1.728653147816658
1.7332815304398537
1.7181499898433685
1.699225701391697
1.6973559483885765
1.6882289126515388
1.6767942532896996
1.6707810536026955
1.6622441336512566
1.668102778494358
1.6570309847593307
1.6408382877707481
1.6316611766815186
1.6225396245718002
1.6206492260098457
1.6165640279650688
1.608392097055912
1.6036774292588234
1.5983533933758736
1.60106011480093
1.5910048186779022
1.5765829756855965
1.5752012357115746
1.572647787630558
1.5587164163589478
1.5538249462842941
1.5537312105298042
1.5444456487894058
1.5341957435011864
1.5263774394989014
1.518435724079609
1.5160670951008797
1.5136950388550758
1.507325939834118
1.5089904889464378
1.4990053698420525
1.489145167171955
1.4904119968414307
1.4817275181412697
1.476587787270546
1.4717096760869026
1.4614257588982582
1.4556931257247925
1.4555734023451805
1.4486984983086586
1.4493429958820343
1.4411939233541489
1.438456192612648
1.432142198085785
1.429929494857788
1.422623984515667
1.4239771217107773
1.420923426747322
1.410386011004448
1.4064507260918617
1.3996461629867554
1.3913907706737518
1.3954863920807838
1.3948706611990929
1.3859912604093552
1.3806645795702934
1.3776139914989471
1.3740512356162071
1.3701451644301414
1.3603722155094147
1.3569534495472908
1.3535217568278313
1.349654197692871
1.343522161245346
1.3404297530651093
1.3370199427008629
1.3332746922969818
1.3366874977946281
1.3343447968363762
1.3222889751195908
1.321084551513195
1.3161937445402145
1.307548314332962
1.3088212385773659
1.3022494092583656
1.2981794700026512
1.2963714823126793
1.2925244122743607
1.2907180562615395
1.2880090549588203
1.2848516181111336
1.2790145725011826
1.2789799347519875
1.2719382494688034
1.2691314369440079
1.2686539888381958
1.2667702063918114
1.2682515978813171
1.2634562402963638
1.2523200958967209
1.2514358460903168
1.244677521288395
1.2423098534345627
1.2394384518265724
1.2338347733020782
1.2325946167111397
1.2292415872216225
1.225485846400261
1.2281856462359428
1.2206512317061424
1.219912812113762
1.2178599312901497
1.2102849185466766
1.2067415192723274
1.204220972955227
1.199182815849781
1.2017551437020302
1.1946069449186325
1.1965472996234894
1.1948247328400612
1.1919386237859726
1.1875971108675003
1.1867676973342896
1.1844535917043686
1.1778168603777885
1.1796756014227867
1.1691410467028618
1.1672606021165848
1.1669975742697716
1.1625337675213814
1.1579640582203865
1.1579182967543602
1.1562974527478218
1.156801238656044
1.1507090851664543
1.1471615359187126
1.1462820023298264
1.1413612738251686
1.1416838318109512
1.140402115881443
1.1394090205430984
1.1328254267573357
1.1268873512744904
1.1292919144034386
1.1266972199082375
1.1250037476420403
1.1285038068890572
1.1274507492780685
1.1280506998300552
