6.380054742097855
4.986136078834534
4.059589132666588
3.785044103860855
3.6558171808719635
3.5382822901010513
3.409921109676361
3.217409446835518
2.9196184426546097
2.7373414486646652
2.624286472797394
2.557783380150795
2.5145021229982376
2.4475458711385727
2.38917900621891
2.32132825255394
2.26104936003685
2.2054752856492996
2.1581863313913345
2.119152583181858
2.077533520758152
2.0440428107976913
2.0073185339570045
1.9818959012627602
1.9626836851239204
1.9499420523643494
1.9269140288233757
1.8979016616940498
1.8744110614061356
1.8678615987300873
1.8466218262910843
1.8247826546430588
1.7971115186810493
1.7904961705207825
1.768723763525486
1.7531425654888153
1.7416142374277115
1.7270045951008797
1.7184044122695923
1.7038382813334465
1.6925799250602722
1.6820087656378746
1.672056958079338
1.6569214314222336
1.6497310996055603
1.6400995180010796
1.6288385093212128
1.619475394487381
1.6076063141226768
1.5992269814014435
1.5902408733963966
1.5866607576608658
1.5750270560383797
1.5673491209745407
1.5572814121842384
1.55074642598629
1.542222023010254
1.5320611372590065
1.5267484784126282
1.5195229053497314
1.5080590918660164
1.5024742558598518
1.4918764978647232
1.4883112087845802
1.4836585819721222
1.4748592898249626
1.4594803228974342
1.4550276696681976
1.4507287740707397
1.437844306230545
1.4380932822823524
1.4271925315260887
1.421589158475399
1.4118314012885094
1.4073530361056328
1.397491805255413
1.3929526135325432
1.3850743547081947
1.382857620716095
1.3791917711496353
1.3738809749484062
1.3654792457818985
1.361623853445053
1.3529312834143639
1.3437703624367714
1.334424190223217
1.3291439786553383
1.328052081167698
1.31578778475523
1.3063258156180382
1.3070523515343666
1.296580746769905
1.2904162481427193
1.2862294092774391
1.2794319167733192
1.276113398373127
1.2759649828076363
1.2717484682798386
1.2665468975901604
1.261284977197647
1.256123200058937
1.2528510466217995
1.2439747005701065
1.2304216548800468
1.221267931163311
1.2132322937250137
1.2108300551772118
1.2053162753582
1.2068035453557968
1.202123686671257
1.1983704045414925
1.187205657362938
1.182701088488102
1.179907351732254
1.1793159693479538
1.180373065173626
1.1715372130274773
1.166197657585144
1.155034713447094
1.1546770334243774
1.1562233939766884
1.1449365764856339
1.1392000168561935
1.1385629400610924
1.1428877487778664
1.1321538016200066
1.1249528974294662
1.1170877888798714
1.1112889871001244
1.10359750315547
1.1040099114179611
1.099069319665432
1.0973335355520248
1.0939076617360115
1.0958327576518059
1.0906264409422874
1.0841881781816483
1.078498624265194
1.075582079589367
1.0732299648225307
1.0646154955029488
1.0690414309501648
1.0666583366692066
1.06153903901577
1.0576026923954487
1.0531114526093006
1.0523932576179504
1.0397879630327225
1.0359739996492863
1.0347910933196545
1.0280572399497032
1.0213730186223984
1.0213449820876122
1.022964984178543
1.0113465003669262
1.0085302591323853
1.0041148848831654
1.0023481920361519
0.9988486170768738
0.9907080754637718
0.9930891804397106
0.9948131293058395
0.9908343777060509
0.9896406643092632
0.9877992607653141
0.9814207293093204
0.9767982065677643
0.9715441279113293
0.969135046005249
0.970122367143631
0.9648418128490448
0.9590435139834881
0.9530164189636707
0.9496372602880001
0.9491660110652447
0.946116354316473
0.940231055021286
0.9408249109983444
0.9367348849773407
0.9366157613694668
0.9351549297571182
0.9304537959396839
0.9249029643833637
0.9214773401618004
0.9218935556709766
0.9190718457102776
0.9166127741336823
0.9157133400440216
0.9131859950721264
0.9107323288917542
0.911932609975338
0.910206887871027
0.9058998636901379
0.8975973762571812
0.89430171251297
0.8897486813366413
0.8930621817708015
0.8869636543095112
0.8920949026942253
0.8844340741634369
