7.957315772771835
6.369139641523361
5.654877066612244
4.747844994068146
4.324807092547417
4.135173812508583
4.017629384994507
3.89827524125576
3.667152613401413
3.36724790930748
3.202056050300598
3.107473686337471
3.0227343142032623
2.9643400758504868
2.903255268931389
2.833797797560692
2.765620917081833
2.7077617198228836
2.6683322489261627
2.6101697832345963
2.5788759142160416
2.531471773982048
2.4847717732191086
2.4355801045894623
2.4118185937404633
2.3806019127368927
2.3518544286489487
2.3266267627477646
2.3174649626016617
2.3029359728097916
2.293132707476616
2.257660135626793
2.2221327051520348
2.204696848988533
2.185396432876587
2.180328220129013
2.154761701822281
2.1267692297697067
2.104177288711071
2.0863089859485626
2.07231292873621
2.0504371747374535
2.060330405831337
2.0466173365712166
2.027734413743019
1.9938254728913307
1.9829536154866219
1.9814430698752403
1.9561298489570618
1.9430849477648735
1.9279188439249992
1.914550930261612
1.9011310935020447
1.8810159638524055
1.864920824766159
1.8567318692803383
1.8451546430587769
1.8331047520041466
1.814003437757492
1.8096918761730194
1.7994458302855492
1.780320592224598
1.7619487047195435
1.749629721045494
1.7401068136096
1.7339083775877953
1.7183393687009811
1.7025916129350662
1.6944244876503944
1.6879785060882568
1.6761200055480003
1.6585617288947105
1.6573825925588608
1.647007018327713
1.6264558359980583
1.6222027093172073
1.6183277517557144
1.5907160341739655
1.5870966166257858
1.5737194195389748
1.5576077029109001
1.542471595108509
1.540734201669693
1.5324435904622078
1.5331743359565735
1.521142102777958
1.5200470387935638
1.498302236199379
1.4896374121308327
1.4744534865021706
1.4755538552999496
1.4745628833770752
1.454213060438633
1.4582842364907265
1.4505302235484123
1.4347264841198921
1.4266360700130463
1.4344465136528015
1.4145911559462547
1.4045767858624458
1.415605515241623
1.401619479060173
1.382458619773388
1.3792111203074455
1.3630204126238823
1.3604009747505188
1.3527864813804626
1.340448297560215
1.3345310613512993
1.3264337256550789
1.323816291987896
1.3226271271705627
1.324233889579773
1.3390460014343262
1.3295538127422333
1.3015715181827545
1.295196771621704
1.2842632681131363
1.2852666527032852
1.2839423716068268
1.268829107284546
1.266993060708046
1.25627201795578
1.2487674355506897
1.2380758076906204
1.2372744381427765
1.2319545224308968
1.2365951836109161
1.2291535884141922
1.2246112674474716
1.2137164026498795
1.207054115831852
1.2100981697440147
1.1944916024804115
1.191654197871685
1.1895277425646782
1.1838977932929993
1.1794051229953766
1.1747775077819824
1.174446426331997
1.1665284037590027
1.167148195207119
1.1661441922187805
1.1542359814047813
1.1413911581039429
1.1417771987617016
1.1489994302392006
1.1524375453591347
1.143923208117485
1.1331285014748573
1.1224932000041008
1.116054929792881
1.1060297638177872
1.1021159514784813
1.0955233573913574
1.1117676347494125
1.1018340550363064
1.096047006547451
1.0879529491066933
1.0776202902197838
1.072545364499092
1.0717639401555061
1.0665639862418175
1.0582944005727768
1.0551127940416336
1.0503271035850048
1.048261109739542
1.0514288321137428
1.0497815571725368
1.0483371280133724
1.041812989860773
1.0353678949177265
1.0276919566094875
1.0250821746885777
1.0313563644886017
1.0379513278603554
1.025427758693695
1.0189915411174297
1.0160864889621735
1.0178504921495914
1.01107207685709
0.9985869042575359
0.994096539914608
0.9988592378795147
0.9949605278670788
0.9941258579492569
0.997875165194273
0.9900246188044548
0.9793090485036373
0.9737923741340637
0.9692248031497002
0.9681900478899479
0.9649583622813225
0.9631733447313309
0.9637313596904278
0.9681075178086758
0.9727281741797924
0.9643656238913536
0.9599681906402111
0.9585795551538467
