6.644292205572128
5.56377050280571
4.6544592678546906
4.269261479377747
4.084636226296425
3.956702247262001
3.8185675740242004
3.556555896997452
3.326802119612694
3.210793361067772
3.1263744086027145
3.068058356642723
3.0171812921762466
2.9589309245347977
2.920138195157051
2.852894201874733
2.8180423229932785
2.7707293182611465
2.6973812878131866
2.6465939730405807
2.6092647910118103
2.572773650288582
2.548255577683449
2.5229745507240295
2.501411721110344
2.483723908662796
2.4785153418779373
2.4445146024227142
2.4285958558321
2.4076856523752213
2.384127303957939
2.369930326938629
2.3478044122457504
2.3301807940006256
2.3293063938617706
2.317247673869133
2.2938741594552994
2.2680225521326065
2.2438530027866364
2.244925908744335
2.2389509305357933
2.2092475295066833
2.199985772371292
2.1889980360865593
2.177369147539139
2.171188034117222
2.1649625673890114
2.1331812515854836
2.124203436076641
2.1458136290311813
2.112014017999172
2.090608850121498
2.0750742703676224
2.0722164064645767
2.06830707937479
2.0515072494745255
2.0459700375795364
2.0531337410211563
2.028431847691536
2.007865697145462
2.002202957868576
1.9752725437283516
1.9609212055802345
1.9493220150470734
1.9420176446437836
1.944131262600422
1.9319210648536682
1.9401960596442223
1.9142983481287956
1.8927603885531425
1.9109836891293526
1.9586259871721268
1.935508355498314
1.8813777342438698
1.8692034110426903
1.8634444028139114
1.8511257246136665
1.849481277167797
1.8199544548988342
1.8172970488667488
1.7984661236405373
1.7935551926493645
1.8086210489273071
1.8223886340856552
1.7907498329877853
1.783534474670887
1.7623978927731514
1.7597154527902603
1.7462167665362358
1.7402832806110382
1.725145861506462
1.729345291852951
1.7100897207856178
1.705797716975212
1.69806569814682
1.6971760913729668
1.7065336406230927
1.7301402166485786
1.7117321193218231
1.674851506948471
1.660624772310257
1.652243711054325
1.662234976887703
1.651198498904705
1.6448464915156364
1.6504078432917595
1.6371130421757698
1.6265367716550827
1.6115205585956573
1.6065599620342255
1.611374594271183
1.5961463004350662
1.6073547303676605
1.6007016077637672
1.588642232120037
1.5738052725791931
1.561795175075531
1.5533775687217712
1.558480016887188
1.5498255789279938
1.5435762777924538
1.5373900905251503
1.5248637646436691
1.5233346670866013
1.5229329317808151
1.5184145718812943
1.517674870789051
1.506418615579605
1.506751887500286
1.5106676071882248
1.5030604004859924
1.4898203760385513
1.4834878668189049
1.4811360090970993
1.5231970772147179
1.4956508502364159
1.4865924715995789
1.4626076966524124
1.4487664550542831
1.4426152631640434
1.4444354102015495
1.4349566400051117
1.4433405697345734
1.426990732550621
1.4133761525154114
1.4083755314350128
1.4027974605560303
1.4155928790569305
1.4450944140553474
1.4568615704774857
1.432508111000061
1.4062894731760025
1.3982334583997726
1.387667030096054
1.3771273046731949
1.375700168311596
1.3663846254348755
1.3728203997015953
1.3598063737154007
1.3476533144712448
1.3516415506601334
1.3669509291648865
1.3635296523571014
1.3487720116972923
1.3433122709393501
1.3355804309248924
1.3298155888915062
1.3268546164035797
1.3150910213589668
1.3097549676895142
1.3069353178143501
1.3071879372000694
1.3055877685546875
1.3045033067464828
1.3026244789361954
1.2982900738716125
1.295156218111515
1.2919677942991257
1.2965711578726768
1.2956807389855385
1.2931968569755554
1.2806415781378746
1.2653030157089233
1.2611963227391243
1.2570577636361122
1.2593141570687294
1.2508412599563599
1.248602844774723
1.257521077990532
1.2528496384620667
1.2400126680731773
1.2560878917574883
1.2463959529995918
1.2347736060619354
1.2244802042841911
1.2229566648602486
1.222639225423336
1.212294153869152
1.211587332189083
1.229227788746357
