6.224624007940292
4.391691565513611
3.8290568739175797
3.6734454333782196
3.5590661019086838
3.3626774847507477
2.9325641989707947
2.7135121673345566
2.5966865867376328
2.507688820362091
2.4197591990232468
2.324541911482811
2.270515277981758
2.203792855143547
2.1509600058197975
2.0958527475595474
2.060896098613739
2.028065823018551
1.9985729455947876
1.9635629206895828
1.932920642197132
1.9062659293413162
1.8753012046217918
1.8529772982001305
1.851823329925537
1.8238697052001953
1.7869352847337723
1.7676013484597206
1.747081071138382
1.7272993177175522
1.7064443677663803
1.6887084692716599
1.6790964230895042
1.6722224652767181
1.6536236479878426
1.6305547654628754
1.621681272983551
1.6011835187673569
1.579407088458538
1.559698611497879
1.5516773909330368
1.5368290022015572
1.5271847769618034
1.5140237882733345
1.5019244253635406
1.4903748407959938
1.485644817352295
1.473206914961338
1.4571542963385582
1.4522646963596344
1.4328578487038612
1.42405416816473
1.4164294078946114
1.4073089510202408
1.3951981142163277
1.3869083747267723
1.380259558558464
1.3636015802621841
1.358028456568718
1.348290115594864
1.3427106514573097
1.3336045071482658
1.3233593925833702
1.310492180287838
1.3089961409568787
1.2971806228160858
1.2852757945656776
1.2823130637407303
1.2751113772392273
1.2640432715415955
1.2590830624103546
1.2535115331411362
1.2475660890340805
1.2412871420383453
1.227465845644474
1.2210334092378616
1.2138706967234612
1.203393243253231
1.1966929584741592
1.1867925971746445
1.1790282502770424
1.1687722131609917
1.1648853942751884
1.1553464755415916
1.153618410229683
1.146943837404251
1.15040173381567
1.1378121189773083
1.1287369057536125
1.1207865104079247
1.1105689331889153
1.1036378145217896
1.0972441658377647
1.0918080918490887
1.0873389095067978
1.080661028623581
1.0752249173820019
1.0759065113961697
1.065885853022337
1.057074062526226
1.051601555198431
1.0443577989935875
1.0414112992584705
1.0320345684885979
1.0296408869326115
1.0251535512506962
1.0162335485219955
1.0084964483976364
1.0059776157140732
1.0037952288985252
0.9917741157114506
0.9879791252315044
0.979692455381155
0.978100161999464
0.9756924398243427
0.9740148484706879
0.9714826196432114
0.9632550217211246
0.9579669162631035
0.9463694766163826
0.9458122253417969
0.9385754056274891
0.9305688589811325
0.9249813668429852
0.920213308185339
0.9177077524363995
0.9165196195244789
0.9137237593531609
0.9205731898546219
0.9109943583607674
0.8992976509034634
0.8995721340179443
0.8917442411184311
0.8867099322378635
0.8920408338308334
0.886707428842783
0.8816966861486435
0.876690223813057
0.874641302973032
0.8697295971214771
0.8585633523762226
0.8494149148464203
0.8425335548818111
0.8385230600833893
0.8357143104076385
0.8355209529399872
0.8369988799095154
0.8257598914206028
0.8309220373630524
0.8222190402448177
0.8168761730194092
0.8183240331709385
0.8149708695709705
0.8088068775832653
0.8007359877228737
0.8028675429522991
0.7927761375904083
0.7850269339978695
0.7880745530128479
0.7970618195831776
0.7947859391570091
0.7866704501211643
0.7855345048010349
0.785238403826952
0.7725044637918472
0.7640609256923199
0.7618743292987347
0.757361862808466
0.7470188476145267
0.7444701194763184
0.7416158877313137
0.7406032532453537
0.7426296584308147
0.7367912456393242
0.729535635560751
0.7275240495800972
0.72691211104393
0.721928920596838
0.7188664749264717
0.7167589068412781
0.7117669731378555
0.711622279137373
0.7075176574289799
0.7115318737924099
0.7120844945311546
0.7080333530902863
0.7104269303381443
0.7050864808261395
0.6961813755333424
0.7003623396158218
0.6989289373159409
0.6923186667263508
0.687228623777628
0.6858492605388165
0.6812892258167267
0.6779608093202114
0.6744670458137989
0.6690855957567692
0.6606895253062248
0.6547530591487885
