6.234794855117798
4.801019996404648
3.981966644525528
3.755248174071312
3.6629229187965393
3.588326707482338
3.495827332139015
3.301149398088455
3.001252308487892
2.8109914660453796
2.688019186258316
2.609162926673889
2.5397685170173645
2.4820111989974976
2.4300024211406708
2.376334771513939
2.3380158096551895
2.289108857512474
2.250618651509285
2.2144962400197983
2.1875283867120743
2.1554319709539413
2.131562188267708
2.103117696940899
2.0913854390382767
2.0773479118943214
2.048776887357235
2.021754913032055
2.0078200548887253
2.0013147592544556
1.977212443947792
1.9647663310170174
1.9469997957348824
1.936527393758297
1.9163679033517838
1.9017923399806023
1.897038720548153
1.8846787959337234
1.869310311973095
1.8638133853673935
1.853578306734562
1.8350628539919853
1.8227842599153519
1.824244111776352
1.8076181411743164
1.7986668348312378
1.7857683077454567
1.7720321491360664
1.7596436068415642
1.7455101534724236
1.742883875966072
1.7359511628746986
1.7252240478992462
1.7146926298737526
1.7066946849226952
1.6890505254268646
1.6838306337594986
1.6832000687718391
1.6760413944721222
1.6611364856362343
1.653213918209076
1.6416273042559624
1.6390277296304703
1.636414647102356
1.6236434876918793
1.6238749846816063
1.6102130487561226
1.6021301820874214
1.5980969667434692
1.5807897076010704
1.5779431611299515
1.5721002519130707
1.5615268275141716
1.5569642782211304
1.5607227012515068
1.5499048829078674
1.5382023602724075
1.5339041128754616
1.5270409882068634
1.5208942294120789
1.5071761161088943
1.5010172352194786
1.4938791319727898
1.4894664511084557
1.486388474702835
1.4889860153198242
1.4787477627396584
1.4678280875086784
1.4657805636525154
1.4639145582914352
1.455865778028965
1.442731074988842
1.436290867626667
1.4342589154839516
1.4370640441775322
1.4230186119675636
1.4171720370650291
1.40692500770092
1.4035172015428543
1.3947870656847954
1.3890258595347404
1.3893684819340706
1.3905354738235474
1.3792318552732468
1.3811782449483871
1.3679495677351952
1.3626492843031883
1.3590883538126945
1.3513636365532875
1.3407966271042824
1.3344535902142525
1.329877346754074
1.3297687023878098
1.3364428654313087
1.3321376889944077
1.3202521950006485
1.316929630935192
1.3087064623832703
1.3074457198381424
1.3134876564145088
1.3025873005390167
1.2917955964803696
1.2882600724697113
1.2858471795916557
1.277727134525776
1.2781929522752762
1.2706717252731323
1.260512001812458
1.2597947493195534
1.2574369087815285
1.2580511644482613
1.2571211159229279
1.2559244707226753
1.245032049715519
1.2432189583778381
1.2331978008151054
1.2299998328089714
1.2261063680052757
1.222018025815487
1.21833436191082
1.21546471118927
1.2244362831115723
1.2233247458934784
1.2112882509827614
1.2060828283429146
1.1978722736239433
1.1908163279294968
1.18906220048666
1.196845918893814
1.1989885419607162
1.180027224123478
1.1752949953079224
1.1882971674203873
1.1803353801369667
1.182810753583908
1.1763067469000816
1.168825425207615
1.1588676646351814
1.1585419699549675
1.1545653864741325
1.153248980641365
1.1478932276368141
1.1457640677690506
1.1402999982237816
1.1378912702202797
1.1358715668320656
1.1361007317900658
1.130056381225586
1.1263882741332054
1.1228977888822556
1.1162808015942574
1.1120362803339958
1.11098163574934
1.1086002588272095
1.104714035987854
1.1034001857042313
1.1041966378688812
1.1032558903098106
1.1060747653245926
1.1092684343457222
1.09969412535429
1.086275577545166
1.0809360891580582
1.0779209770262241
1.0764250606298447
1.0769612193107605
1.0809635668992996
1.0758337527513504
1.068595513701439
1.0615209713578224
1.0628578215837479
1.0567920915782452
1.060475181788206
1.054135650396347
1.052469614893198
1.0554689206182957
1.049424134194851
1.0393186509609222
1.0396774969995022
1.039459716528654
