7.129047781229019
5.279102057218552
4.079389780759811
3.791873797774315
3.6397718340158463
3.2848741561174393
2.991398498415947
2.8444583415985107
2.7491587698459625
2.6800141483545303
2.6153390407562256
2.5312986075878143
2.462564915418625
2.4025251120328903
2.3538136035203934
2.309850111603737
2.274277627468109
2.2413299530744553
2.2108085602521896
2.1865966096520424
2.155597135424614
2.1189705207943916
2.0874038338661194
2.067493788897991
2.0571049377322197
2.043504700064659
2.0254298746585846
2.0023889243602753
1.9850225001573563
1.9672732204198837
1.950214259326458
1.9331264942884445
1.9179655238986015
1.9171411842107773
1.8960676789283752
1.8882032707333565
1.8766646683216095
1.8573953434824944
1.843615472316742
1.8324799984693527
1.8204071894288063
1.805155336856842
1.7957512885332108
1.7922579422593117
1.7740426063537598
1.7690217569470406
1.747321031987667
1.7351846769452095
1.7284040376543999
1.722444273531437
1.709533080458641
1.7000637352466583
1.6902626231312752
1.6871540769934654
1.6746939569711685
1.6646600812673569
1.6545182466506958
1.6476313024759293
1.6382225900888443
1.6307077705860138
1.6206760928034782
1.6128750517964363
1.607454538345337
1.599417544901371
1.5831424444913864
1.5790656730532646
1.5723058730363846
1.5698559433221817
1.5681181997060776
1.5556135848164558
1.5481968820095062
1.5469099953770638
1.5337781757116318
1.519557349383831
1.5145315676927567
1.5050063282251358
1.5003858655691147
1.4948527812957764
1.4957696720957756
1.4848446398973465
1.4782758131623268
1.466926820576191
1.4643906652927399
1.466528095304966
1.4573409408330917
1.4434019327163696
1.4391616582870483
1.4380068480968475
1.435127504169941
1.4192409813404083
1.4152157306671143
1.4073894247412682
1.4044639840722084
1.4092466086149216
1.4040138199925423
1.3942610919475555
1.3887760043144226
1.3814611285924911
1.372517816722393
1.3661685287952423
1.3640616610646248
1.363299697637558
1.3580481708049774
1.3488486483693123
1.341411143541336
1.3329572901129723
1.3279932960867882
1.3299148753285408
1.3227604106068611
1.3194772452116013
1.3149138242006302
1.307227075099945
1.3032693415880203
1.2987799122929573
1.3011522367596626
1.2889396622776985
1.282037004828453
1.288230150938034
1.3001618012785912
1.2873834520578384
1.2876506596803665
1.2687228694558144
1.2621103152632713
1.2592151537537575
1.2572531923651695
1.2539736777544022
1.2435010150074959
1.2314675003290176
1.232262723147869
1.2329052239656448
1.2254992052912712
1.2199161350727081
1.2177388370037079
1.2165661379694939
1.2200853079557419
1.210694819688797
1.212416335940361
1.214480273425579
1.209218442440033
1.2051582634449005
1.1937837153673172
1.1922340840101242
1.1818004921078682
1.1775364354252815
1.1764689162373543
1.1700108125805855
1.1660743579268456
1.1596155390143394
1.1590692326426506
1.161416918039322
1.152357779443264
1.1560126170516014
1.1522938013076782
1.1484207957983017
1.1439701095223427
1.1437241807579994
1.1347251236438751
1.1294096261262894
1.1367835626006126
1.135130800306797
1.1329828947782516
1.1316511034965515
1.1261536628007889
1.120127186179161
1.1148606985807419
1.1047097817063332
1.1033640280365944
1.1004679426550865
1.1036767289042473
1.099205106496811
1.0963021889328957
1.0857144743204117
1.08151014149189
1.0782294608652592
1.081851877272129
1.0800205022096634
1.0726668797433376
1.0718810632824898
1.0671951733529568
1.0698910765349865
1.0626020915806293
1.0573724806308746
1.0538044981658459
1.0507948994636536
1.0527878515422344
1.0518168434500694
1.0466341897845268
1.0421517305076122
1.042382225394249
1.0390632338821888
1.0364999771118164
1.0340234525501728
1.0349819362163544
1.028553619980812
1.0315167903900146
1.0229277312755585
1.024816632270813
1.0245588719844818
1.0197549425065517
1.0109930224716663
