6.178747177124023
4.55541156232357
3.8915098905563354
3.7187739312648773
3.6257597506046295
3.3171196281909943
2.947858616709709
2.743432864546776
2.600789561867714
2.4819542914628983
2.3960395753383636
2.3263868242502213
2.2661325335502625
2.22458453476429
2.1904417872428894
2.1532271057367325
2.116486392915249
2.0794636085629463
2.0719050094485283
2.043684773147106
2.0150118693709373
1.9826588779687881
1.9442645162343979
1.9209084808826447
1.906967006623745
1.8893717974424362
1.873229667544365
1.8425299376249313
1.8155495300889015
1.8023313134908676
1.7821134477853775
1.766384020447731
1.742399476468563
1.7266494631767273
1.704206183552742
1.6913030669093132
1.6789892092347145
1.661351390182972
1.6445332765579224
1.6278377994894981
1.612092263996601
1.5970810577273369
1.5962476879358292
1.5963018834590912
1.570138357579708
1.548608623445034
1.5318642258644104
1.5218350142240524
1.5123866274952888
1.497249998152256
1.4856069311499596
1.474791057407856
1.4579586908221245
1.454191267490387
1.4440323263406754
1.4346261471509933
1.4209157675504684
1.4096534475684166
1.3974753394722939
1.3837101086974144
1.3749463185667992
1.3651478439569473
1.3572656065225601
1.3539899289608002
1.3409379869699478
1.3384406715631485
1.3289790898561478
1.3094729036092758
1.3017575666308403
1.2887137606739998
1.2766921073198318
1.2684474512934685
1.2542009800672531
1.244656153023243
1.2380568385124207
1.2271605432033539
1.2153470292687416
1.2109167650341988
1.2016231790184975
1.19229344278574
1.1881891638040543
1.1838482767343521
1.1712667867541313
1.1639074608683586
1.1562061458826065
1.1460548788309097
1.1382799968123436
1.1346538811922073
1.123923934996128
1.1140674501657486
1.1093372702598572
1.1008392423391342
1.091622456908226
1.0836551859974861
1.073332592844963
1.0670462846755981
1.0621722638607025
1.0656928941607475
1.0552167445421219
1.0458334013819695
1.0358486473560333
1.0291831456124783
1.0223107151687145
1.0144924223423004
1.0093351006507874
1.00357174128294
0.9980432465672493
0.9869645684957504
0.9817543253302574
0.9757154732942581
0.9835970848798752
0.9758720397949219
0.9604191854596138
0.9629237167537212
0.9580132588744164
0.9527419060468674
0.9409797750413418
0.9282450824975967
0.9282001368701458
0.9248158968985081
0.9176376238465309
0.909786332398653
0.905850924551487
0.9079427011311054
0.8973634243011475
0.8929530121386051
0.8883393444120884
0.8812859356403351
0.8774054609239101
0.8709515333175659
0.8702402152121067
0.8724216930568218
0.8708390407264233
0.8610375374555588
0.8489306457340717
0.8455193936824799
0.8402893580496311
0.829980943351984
0.8231581524014473
0.8215301297605038
0.8170261606574059
0.8156188353896141
0.8089065365493298
0.7993596494197845
0.7994783781468868
0.8030270300805569
0.8078666478395462
0.8000843934714794
0.7885914593935013
0.7792385257780552
0.7748523578047752
0.7769975550472736
0.7746092267334461
0.768451452255249
0.7616902738809586
0.7571336477994919
0.7574828416109085
0.7530129812657833
0.753499373793602
0.7555597461760044
0.7487566024065018
0.7431349791586399
0.7329680137336254
0.7278853543102741
0.7269473932683468
0.7236050069332123
0.7305960133671761
0.7235074937343597
0.7164808474481106
0.7451136447489262
0.7479215078055859
0.721631433814764
0.7092188596725464
0.6993676051497459
0.6900292485952377
0.6861333847045898
0.6831291541457176
0.684351559728384
0.6769209168851376
0.6743861511349678
0.6778087541460991
0.6700720191001892
0.6634214036166668
0.6630875431001186
0.6598591506481171
0.6624907478690147
0.6607113890349865
0.6545256115496159
0.6593174487352371
0.6516746990382671
0.6457181386649609
0.6427211575210094
0.6410911120474339
0.6422998271882534
0.6323419101536274
0.6332406774163246
0.6287024058401585
0.6276517771184444
0.6233767904341221
0.6223032996058464
