6.086205363273621
4.212692469358444
3.7644173204898834
3.6158647686243057
3.447496607899666
3.052383601665497
2.7618889212608337
2.6334079951047897
2.5490223467350006
2.4552587121725082
2.394993245601654
2.320067346096039
2.2519476860761642
2.1758732199668884
2.1203992143273354
2.071710169315338
2.0387894585728645
1.9984071627259254
1.9592681676149368
1.9351853504776955
1.9025828689336777
1.86844053119421
1.836574263870716
1.8111519291996956
1.7872503325343132
1.7703640386462212
1.7597089111804962
1.7447295784950256
1.7211696654558182
1.6895966306328773
1.6807927563786507
1.664107620716095
1.6494288221001625
1.637741394340992
1.6162499263882637
1.5942357406020164
1.5862080082297325
1.5672388076782227
1.5444672480225563
1.5295257344841957
1.524357371032238
1.5185947939753532
1.502203993499279
1.4854227155447006
1.4783838167786598
1.4702270552515984
1.4611473754048347
1.4475321993231773
1.4374810606241226
1.4276649355888367
1.4165278002619743
1.404153250157833
1.3900894448161125
1.383657343685627
1.3726426735520363
1.3695342019200325
1.3620503917336464
1.3533097207546234
1.3400416672229767
1.3318860903382301
1.3192557021975517
1.3070071339607239
1.2982178181409836
1.293411709368229
1.2814610227942467
1.2746373787522316
1.2621777281165123
1.2557316794991493
1.2461302056908607
1.2393274307250977
1.2349694296717644
1.2274118512868881
1.2203413248062134
1.210475578904152
1.200567975640297
1.201332449913025
1.1963951215147972
1.2010580077767372
1.1785401180386543
1.1644561141729355
1.156356930732727
1.152565412223339
1.153952270746231
1.1404792703688145
1.1264456883072853
1.119023211300373
1.109982542693615
1.1030955612659454
1.0939452908933163
1.0841501094400883
1.0774598494172096
1.073386762291193
1.0708592012524605
1.063152864575386
1.0631206408143044
1.0560228750109673
1.0471673160791397
1.0399968847632408
1.0356328561902046
1.02867541462183
1.0223796404898167
1.0157314389944077
1.015176635235548
1.0094683580100536
1.0030745975673199
0.9956756494939327
0.9911838099360466
0.9774106182157993
0.9695324413478374
0.9657428562641144
0.9569949619472027
0.9561267755925655
0.9495147466659546
0.940990999341011
0.9329538680613041
0.9317033663392067
0.9286678172647953
0.92731499299407
0.9269425347447395
0.9266988523304462
0.9191446453332901
0.9097412936389446
0.8977636583149433
0.8909630998969078
0.8854331560432911
0.8800868317484856
0.8795511834323406
0.8677723444998264
0.8601994328200817
0.8558438085019588
0.8559713326394558
0.8502648063004017
0.842466801404953
0.838090542703867
0.8327844776213169
0.8320034258067608
0.8292720541357994
0.8261141069233418
0.8215352445840836
0.8191921524703503
0.8150825090706348
0.8129211068153381
0.8072600364685059
0.7985321953892708
0.7937623858451843
0.7871231064200401
0.7922301888465881
0.7828679867088795
0.7837226092815399
0.7782638669013977
0.7667598687112331
0.7572757191956043
0.7545296624302864
0.7585172988474369
0.7558007463812828
0.7531916499137878
0.746568962931633
0.7478156723082066
0.7417788542807102
0.7352388836443424
0.7289728634059429
0.7349755987524986
0.738687664270401
0.7322200611233711
0.7138939797878265
0.7050201147794724
0.6982131004333496
0.6958421878516674
0.6966135427355766
0.6939192041754723
0.6895721666514874
0.685247004032135
0.6797251142561436
0.6749734729528427
0.6802724339067936
0.6726742163300514
0.6721976920962334
0.6719039119780064
0.6689947880804539
0.6650771945714951
0.6552626602351665
0.6507950276136398
0.6539708003401756
0.6512956358492374
0.6425122953951359
0.640317402780056
0.6426051035523415
0.6366138271987438
0.6329786218702793
0.6298969574272633
0.6243812739849091
0.6235727705061436
0.6197928078472614
0.616470318287611
0.614339292049408
0.6162985228002071
0.6120982393622398
0.6076736971735954
0.607623316347599
0.6034374199807644
