6.9736718237400055
5.181366741657257
4.163312524557114
3.8390557318925858
3.6880971491336823
3.553628236055374
3.4161828011274338
3.256931021809578
2.96051424741745
2.7443542927503586
2.591279700398445
2.4742443561553955
2.3775136321783066
2.293481022119522
2.2270667552948
2.166017010807991
2.1057785153388977
2.0673787519335747
2.0386927127838135
1.994444988667965
1.9680192470550537
1.9376984611153603
1.9060200452804565
1.883135363459587
1.859918735921383
1.8545790687203407
1.8345746099948883
1.806604579091072
1.7835262194275856
1.7679900005459785
1.7442006170749664
1.7445187494158745
1.724205106496811
1.70140390843153
1.690876543521881
1.677584283053875
1.6663116365671158
1.65066659450531
1.6367074102163315
1.6282108947634697
1.615803375840187
1.6017284095287323
1.5873471572995186
1.5816033110022545
1.5712962001562119
1.557800553739071
1.545616589486599
1.5368020609021187
1.5315211713314056
1.518035613000393
1.5107308328151703
1.5085955560207367
1.4935723394155502
1.4781074225902557
1.4654961451888084
1.4631647542119026
1.4535242021083832
1.4470033720135689
1.4368481561541557
1.4264390394091606
1.4168532639741898
1.4104114770889282
1.3986708000302315
1.3834115117788315
1.373598374426365
1.363118477165699
1.3592039421200752
1.3559031188488007
1.3423493653535843
1.3329132497310638
1.3236322030425072
1.316621296107769
1.3049085065722466
1.3000414445996284
1.2932571917772293
1.279233694076538
1.2778622806072235
1.2662999480962753
1.254506267607212
1.2527144849300385
1.24254909157753
1.2394095733761787
1.2336209863424301
1.225278951227665
1.2137541472911835
1.2107528671622276
1.208703525364399
1.1934124901890755
1.1831653118133545
1.181417964398861
1.175728753209114
1.1729009598493576
1.1634449064731598
1.1568525582551956
1.145632527768612
1.137743465602398
1.1325847879052162
1.1285745799541473
1.121072217822075
1.1157629266381264
1.1092770472168922
1.1063062697649002
1.099112544208765
1.094003263860941
1.0888746455311775
1.0832249075174332
1.0816514194011688
1.079614445567131
1.0710143223404884
1.0653642751276493
1.053459782153368
1.04683967679739
1.0445427633821964
1.0419720262289047
1.0325696058571339
1.0269553400576115
1.0257645472884178
1.0176782943308353
1.0180385038256645
1.0112383849918842
1.0084234662353992
1.0015234425663948
0.997986301779747
0.9906995296478271
0.9869586378335953
0.9841243103146553
0.9780146032571793
0.9750922434031963
0.9765043258666992
0.9660442993044853
0.9575801678001881
0.9527026973664761
0.9485333934426308
0.9471705220639706
0.949295662343502
0.9419302381575108
0.9333744868636131
0.9260546825826168
0.9210834130644798
0.9231032207608223
0.9221444055438042
0.9214870780706406
0.9135832153260708
0.9055888503789902
0.900612335652113
0.8948577344417572
0.9013972915709019
0.8972466327250004
0.8865178376436234
0.8789455592632294
0.8735405169427395
0.8730436563491821
0.8695876114070415
0.8635817803442478
0.8552272357046604
0.8555266074836254
0.8513023480772972
0.8458320759236813
0.8450010158121586
0.8488283827900887
0.8403192199766636
0.8349514454603195
0.832990188151598
0.8365493156015873
0.837422102689743
0.8265925571322441
0.8224587738513947
0.8173878118395805
0.8085098974406719
0.8025336600840092
0.8028938062489033
0.7991870194673538
0.7941321097314358
0.7911493815481663
0.7896909601986408
0.788705363869667
0.7877718396484852
0.7850752733647823
0.7772720083594322
0.7719579637050629
0.770388800650835
0.7700864411890507
0.7700264826416969
0.7663966752588749
0.7619678415358067
0.7571180239319801
0.7555688694119453
0.752278808504343
0.7442583926022053
0.7472722679376602
0.743196289986372
0.734951313585043
0.7482054084539413
0.7399195805191994
0.7320962771773338
0.730186440050602
0.7287299670279026
0.7194399796426296
0.713748149573803
0.7095532305538654
