7.233519822359085
6.044645190238953
5.565214216709137
4.723483204841614
4.269036665558815
4.036339521408081
3.8102962374687195
3.5317898839712143
3.3681502491235733
3.2623690217733383
3.2027171552181244
3.1489555686712265
3.0960569977760315
3.054954782128334
3.0231900066137314
2.977817013859749
2.9307805746793747
2.8975106477737427
2.8694615215063095
2.8424268811941147
2.8172116577625275
2.766702651977539
2.7280076891183853
2.6852720379829407
2.666165992617607
2.6339017003774643
2.595538079738617
2.565350219607353
2.568308651447296
2.5271717458963394
2.492332011461258
2.4786676317453384
2.451614022254944
2.4388571828603745
2.4157854318618774
2.4018003940582275
2.379611685872078
2.3626832515001297
2.3434121757745743
2.3486006259918213
2.320741668343544
2.303749144077301
2.3012696877121925
2.280510365962982
2.2610704004764557
2.2494285255670547
2.2461006194353104
2.225687339901924
2.21185901761055
2.1936464458703995
2.180396758019924
2.1784781366586685
2.169491171836853
2.165906824171543
2.153139129281044
2.1330349147319794
2.1247254982590675
2.12113456428051
2.1119198501110077
2.097540207207203
2.091090612113476
2.087987035512924
2.073761962354183
2.068616881966591
2.065893329679966
2.0518859773874283
2.0432028770446777
2.03481762111187
2.034438192844391
2.017258770763874
2.0094984248280525
2.00120497494936
1.9930156469345093
2.0020040050148964
2.0087552443146706
1.9775368198752403
1.9660137966275215
1.9604044929146767
1.9570318460464478
1.9436490535736084
1.9346593096852303
1.9365417659282684
1.9285617172718048
1.910477302968502
1.9075710773468018
1.8915502205491066
1.897793397307396
1.89128677546978
1.8855856135487556
1.8757138550281525
1.8675802052021027
1.8683620765805244
1.8644171208143234
1.8529589027166367
1.8479142263531685
1.843007318675518
1.8345854878425598
1.8261613547801971
1.8277367874979973
1.8135989159345627
1.8037733882665634
1.7970793917775154
1.8095046654343605
1.7963139489293098
1.7895107120275497
1.782408744096756
1.7767339795827866
1.7711853757500648
1.7718807682394981
1.7665844187140465
1.7713839784264565
1.7674663662910461
1.7513617724180222
1.7419790253043175
1.7422925159335136
1.7322480604052544
1.7304700314998627
1.7156720906496048
1.7162459343671799
1.7043428421020508
1.7003510370850563
1.6924350559711456
1.6953974291682243
1.6974800527095795
1.6925086751580238
1.6860506162047386
1.6863832250237465
1.6773953959345818
1.6652020514011383
1.6559517979621887
1.6466143280267715
1.6549102514982224
1.6549507603049278
1.6438000723719597
1.6348385140299797
1.6321183443069458
1.6279688104987144
1.6283618360757828
1.641021303832531
1.6280770376324654
1.6227978467941284
1.6108339428901672
1.5997921153903008
1.6018971875309944
1.5951980575919151
1.5959658324718475
1.5946435332298279
1.590683937072754
1.5886498019099236
1.5946784242987633
1.5886167585849762
1.5793991759419441
1.5682700350880623
1.5593148544430733
1.5676854252815247
1.566174529492855
1.5519356802105904
1.5438604205846786
1.5357665494084358
1.5299446135759354
1.5249261930584908
1.5194280371069908
1.520904041826725
1.5304993838071823
1.5258923843502998
1.5235741436481476
1.5094515234231949
1.5008322075009346
1.4951037764549255
1.495708592236042
1.4892752319574356
1.496402844786644
1.4971312284469604
1.4871838465332985
1.4850371181964874
1.4803389012813568
1.4669643193483353
1.4678744673728943
1.4693591594696045
1.466487780213356
1.4615916013717651
1.4585000351071358
1.4585996642708778
1.450370341539383
1.4451133236289024
1.4422885179519653
1.4420414716005325
1.4491053074598312
1.4412825629115105
1.4332656860351562
1.4291481971740723
1.4350454807281494
1.433903768658638
1.4264156743884087
1.425874337553978
1.4218905940651894
1.4115601405501366
1.4057779163122177
1.408035859465599
1.4004925787448883
