6.689716249704361
5.799874871969223
5.315952628850937
4.571469873189926
4.216588914394379
4.034198954701424
3.92980794608593
3.8631180226802826
3.8111547976732254
3.762181431055069
3.702497214078903
3.6376524716615677
3.489968940615654
3.2410352677106857
3.072044759988785
2.964747369289398
2.887547254562378
2.8263671547174454
2.7715808302164078
2.718178942799568
2.688777044415474
2.6270716339349747
2.5747855603694916
2.5377952456474304
2.5101986080408096
2.479349806904793
2.4572191387414932
2.4261700212955475
2.4167543053627014
2.3869922012090683
2.3589508831501007
2.347234457731247
2.3261013850569725
2.310938313603401
2.2905181273818016
2.2780773639678955
2.2634474635124207
2.2472172677516937
2.2328873723745346
2.2356567308306694
2.208050027489662
2.187615968286991
2.18280316144228
2.1880867034196854
2.1583964973688126
2.137888327240944
2.1356051415205
2.1281311586499214
2.1109839975833893
2.0971951112151146
2.087840646505356
2.081911876797676
2.060529574751854
2.0533465072512627
2.0374192148447037
2.0282220393419266
2.017636887729168
2.013217382133007
2.0090100467205048
1.9971481040120125
1.9865754917263985
1.9736385941505432
1.9664341509342194
1.957689382135868
1.9541858062148094
1.9371717274188995
1.9281317666172981
1.919273816049099
1.9267728924751282
1.9110741540789604
1.8982393518090248
1.883373610675335
1.8787858486175537
1.868783488869667
1.8587255403399467
1.845845766365528
1.8500711992383003
1.8384260386228561
1.830508515238762
1.8166457042098045
1.806058831512928
1.7993810176849365
1.7941513657569885
1.7854196950793266
1.7785186246037483
1.7660366892814636
1.7690636962652206
1.7652817368507385
1.7485709860920906
1.7373984083533287
1.7317795678973198
1.725503146648407
1.720960058271885
1.7172528058290482
1.7046253606677055
1.697678580880165
1.7122501134872437
1.7217840105295181
1.6934715956449509
1.6800080239772797
1.6731261983513832
1.664661169052124
1.6624846756458282
1.6608950719237328
1.6458845511078835
1.6366350427269936
1.635482482612133
1.6272303238511086
1.6216474622488022
1.6167714074254036
1.6103019788861275
1.5995812341570854
1.6177231222391129
1.6240703761577606
1.592310257256031
1.5798876956105232
1.5798810347914696
1.5794689282774925
1.5783930346369743
1.5787242352962494
1.5589283630251884
1.5519294068217278
1.54280124604702
1.5446377843618393
1.5375835821032524
1.5399762466549873
1.5271534323692322
1.5201941803097725
1.5076399967074394
1.501328006386757
1.4949853271245956
1.4989785104990005
1.5043120831251144
1.5006517618894577
1.4912016615271568
1.4801273494958878
1.4727379977703094
1.4709316864609718
1.46675194054842
1.4615007638931274
1.4758933261036873
1.4765328839421272
1.467759408056736
1.4505624771118164
1.4364179074764252
1.4326540604233742
1.4303836598992348
1.424254447221756
1.4122629314661026
1.411984808743
1.4181095212697983
1.4092774838209152
1.3985649272799492
1.3955156058073044
1.3960771262645721
1.396524339914322
1.391503743827343
1.3834932073950768
1.376616045832634
1.3745949268341064
1.3677807226777077
1.3607176318764687
1.3590745404362679
1.3629441186785698
1.378083422780037
1.3633702620863914
1.3553222119808197
1.3594179302453995
1.3535398468375206
1.3425141274929047
1.333904966711998
1.328574113547802
1.3236127570271492
1.318560816347599
1.3201441690325737
1.3169312104582787
1.317436657845974
1.3181844130158424
1.3291263803839684
1.3194376826286316
1.307887963950634
1.2988608926534653
1.3077721446752548
1.3100989535450935
1.303101435303688
1.3010371327400208
1.2986083701252937
1.2867375314235687
1.2795305028557777
1.2757981792092323
1.2639769688248634
1.2634830251336098
1.268997773528099
1.2722732201218605
1.2633101567626
1.262779787182808
1.256309188902378
1.248061366379261
1.2494274377822876
1.243795745074749
