7.085532963275909
5.718514114618301
5.280288994312286
4.681778401136398
4.296905651688576
4.108433410525322
3.998169332742691
3.905507206916809
3.7468758076429367
3.4436251521110535
3.271046593785286
3.1653454303741455
3.107464537024498
3.0619824677705765
3.0060435980558395
2.9705493450164795
2.933391958475113
2.878900960087776
2.838474303483963
2.802369087934494
2.76142318546772
2.7313887923955917
2.689869835972786
2.663678765296936
2.6321374028921127
2.6134457290172577
2.589910611510277
2.57088902592659
2.5427398681640625
2.5249248296022415
2.50534488260746
2.4841002821922302
2.4635355919599533
2.4535001069307327
2.456386625766754
2.4219518899917603
2.4048127979040146
2.3938267529010773
2.3755090087652206
2.361705034971237
2.347520485520363
2.3399059921503067
2.32905749976635
2.3125488460063934
2.3094394356012344
2.326129212975502
2.287707805633545
2.261316791176796
2.247983857989311
2.2551111578941345
2.2448187321424484
2.231157809495926
2.2201792895793915
2.214853450655937
2.196856789290905
2.185114175081253
2.1694225296378136
2.177118204534054
2.1712936460971832
2.154650092124939
2.1430312916636467
2.129708454012871
2.119982734322548
2.1163556426763535
2.110762432217598
2.121220000088215
2.0897673964500427
2.0908128693699837
2.084269866347313
2.078752748668194
2.06203655898571
2.0517407581210136
2.065573237836361
2.041701152920723
2.0339741483330727
2.034162297844887
2.0177392438054085
2.0065338611602783
2.0063500180840492
1.9930755198001862
1.9831623584032059
1.9726091548800468
1.9712367728352547
1.9606976062059402
1.94882170855999
1.9461135491728783
1.9439895376563072
1.9346787706017494
1.9559914320707321
1.966651275753975
1.945440597832203
1.938070796430111
1.9043665826320648
1.8885491415858269
1.8778100982308388
1.8769218176603317
1.8768701553344727
1.8776730224490166
1.8673671931028366
1.8573700860142708
1.856092981994152
1.8750833198428154
1.8464145883917809
1.8287477269768715
1.8197979927062988
1.8183736354112625
1.8360647559165955
1.8178024888038635
1.7998627498745918
1.794165939092636
1.8037018179893494
1.8040895462036133
1.8038799315690994
1.7932570725679398
1.78165715187788
1.769746795296669
1.7707775831222534
1.7622351124882698
1.7520929872989655
1.7503749653697014
1.7570464685559273
1.7380662932991982
1.7397003471851349
1.7280737534165382
1.734091728925705
1.7281365096569061
1.7240561246871948
1.7230828031897545
1.7064359709620476
1.6946287974715233
1.6874842122197151
1.6859721690416336
1.6916143149137497
1.6938997656106949
1.684146597981453
1.6680240631103516
1.6691648066043854
1.6657236889004707
1.656343162059784
1.6595359444618225
1.6499666422605515
1.6630039736628532
1.652927502989769
1.6459354162216187
1.6403377652168274
1.6345057487487793
1.6157523021101952
1.623937338590622
1.6455529779195786
1.6377584114670753
1.6144785061478615
1.604602076113224
1.6461779847741127
1.6225258484482765
1.6005605608224869
1.5872614681720734
1.5770831778645515
1.5712182894349098
1.5738122463226318
1.561637245118618
1.5608115643262863
1.571271926164627
1.5654579475522041
1.5589635372161865
1.5482426509261131
1.5417534038424492
1.540672443807125
1.529262438416481
1.5337160155177116
1.531504102051258
1.5283184200525284
1.5218986570835114
1.515188805758953
1.51103924959898
1.5107227116823196
1.5205029100179672
1.5246163681149483
1.5162668973207474
1.5023503750562668
1.4923690930008888
1.4890551641583443
1.4846810474991798
1.4748235195875168
1.484095573425293
1.4891966208815575
1.4716929122805595
1.4926526546478271
1.464805319905281
1.4574441760778427
1.4519469439983368
1.472912609577179
1.460415042936802
1.4499365389347076
1.4473048746585846
1.443636067211628
1.4344763979315758
1.4242369905114174
1.42075727134943
1.4168790057301521
1.41780623793602
