15.291293696868115
10.361107444763183
9.63742782397148
9.27117079710349
9.055311467097356
8.885124045151931
8.844614483759953
8.713079027029185
8.598396081190844
8.538353817279523
8.469572690817026
8.404736117827587
8.318677435165796
8.282695217621631
8.19612070719401
8.155015955215845
8.113699570680277
8.094681632213103
8.040765564258281
7.999671784425393
7.995087234790509
7.962382930364364
7.911953913859832
7.8976883007929874
7.871371298569899
7.832735836811555
7.822760146703476
7.831511216285901
7.78997301933093
7.749430993887095
7.769440186329377
7.704770472110846
7.708565262036446
7.682141533876076
7.664603896018786
7.6806333175072306
7.6411924191010305
7.664659754435221
7.615561199188233
7.597196322221023
7.596831228794196
7.559908008575439
7.572713093879895
7.548921362559001
7.526940167255891
7.501135615813427
7.506809024321727
7.490063965626252
7.49589768923246
7.474939351204114
7.469481519552377
7.450869024716891
7.44678256939619
7.432252015822973
7.415082755455604
7.410775399819398
7.389862544719989
7.386663084763747
7.382781813694881
7.358944919781807
7.352538463396904
7.358178564218375
7.354199228531275
7.322630075307993
7.308621523930476
7.314444236266307
7.299785667810685
7.288348975548377
7.288876932095259
7.286940770271497
7.27769629405095
7.257953010461269
7.26432827436007
7.245461818499443
7.241833241780599
7.238975299933018
7.242628821348533
7.193217294644087
7.228736542432737
7.197961733891414
7.19574499130249
7.177564977988219
7.187573014772855
7.150430583953858
7.170262982295109
7.140250964042468
7.155974397903834
7.142859803713285
7.137887991391695
7.133246179727408
7.127439919496194
7.123977788289388
7.116968812697973
7.1263667522332605
7.092212117023957
7.112601556533423
7.070368414658766
7.074406526027581
7.079165267944336
7.074030839479887
7.07240743637085
7.079799170371814
7.0654687465765535
7.023553696656839
7.031366064609625
7.014449782249255
7.023546055035713
7.020776254702837
7.015884900704409
7.010531846070901
7.000011483216897
7.010612536699344
6.978998306470039
7.023185438987536
6.99588725750263
6.968406858199682
6.985952472686767
6.958840289482704
6.978696835346711
6.959876556885548
6.981471027472081
6.934084334740272
6.948448880513509
6.924806149800618
6.946345813457782
6.923598927717943
6.926850661253318
6.923388916406876
6.913126052954258
6.908432984963442
6.928865660153902
6.894667615645971
6.9104713415488215
6.896315894982753
6.888680423834385
6.890311253376496
6.8613266260196
6.886893066993126
6.866294574737549
6.899313415625157
6.871032810211181
6.864829364189735
6.857596852229192
6.829211946634146
6.869341080005352
6.863962982862423
6.838473522968782
6.833522175519894
6.846981513194549
6.832963926364214
6.833866317455585
6.824148618257963
6.824960882235796
6.834700946318797
6.821354464995555
6.81014155852489
6.812545084341979
6.791042352334047
6.801757247631366
6.788697391901261
6.796579918494591
6.783597887479342
6.785986198523106
6.762625290797307
6.781588549491687
6.76730235173152
6.770244212028308
6.789734600751828
6.771873041299673
6.757638948391645
6.750581127557999
6.75350219530937
6.748612076196915
6.758843517303466
6.7452312004871855
6.73022103920961
6.7356003052149065
6.730726875402989
6.746157242701604
6.76856756454859
6.718249619312775
6.726545143127441
6.711108652750651
6.7226954362331295
6.716621777950189
6.72531856634678
6.70495183406732
6.698696224506085
6.702991466033153
6.701707030565311
6.703883696825076
6.714362053993421
6.684234946813339
6.699652774517353
6.682897597092849
6.663537734594101
6.682044706589136
6.678643314655011
6.665057940360827
6.662423383272611
