5.875736832618713
4.00030143558979
3.081783600151539
2.7267561852931976
2.54093886166811
2.358031652867794
2.226146962493658
2.120334252715111
2.0391323268413544
1.9658410102128983
1.90652384608984
1.852039635181427
1.802820160984993
1.7678519487380981
1.7352401912212372
1.69002278521657
1.6558797918260098
1.628887664526701
1.600138571113348
1.5726362466812134
1.5466908253729343
1.5246777012944221
1.507032997906208
1.4776788800954819
1.4529031589627266
1.4336178563535213
1.4076647236943245
1.387412540614605
1.3631402514874935
1.349375244230032
1.3340433984994888
1.3094535358250141
1.2914554253220558
1.2762207202613354
1.2588728219270706
1.2444543652236462
1.2279634736478329
1.2143414616584778
1.2000546865165234
1.189722679555416
1.1799750998616219
1.1647486798465252
1.147291138768196
1.1386640965938568
1.1297369189560413
1.1151142213493586
1.1087005399167538
1.1091961674392223
1.093382302671671
1.0784150399267673
1.0722912084311247
1.0624162834137678
1.0530670713633299
1.040191140025854
1.026339577510953
1.0200851187109947
1.010118342936039
1.0034600254148245
0.9976484403014183
0.9951572027057409
0.9787573926150799
0.9742789566516876
0.9660447407513857
0.9585314430296421
0.9583224970847368
0.9426689296960831
0.9362219534814358
0.9334727693349123
0.926142543554306
0.9216348808258772
0.9106336031109095
0.9043970890343189
0.9042947739362717
0.8901510294526815
0.8868208657950163
0.8788232151418924
0.8715093526989222
0.8662337400019169
0.8638275433331728
0.8629280906170607
0.8566404320299625
0.8542132750153542
0.8448163438588381
0.8392114639282227
0.837157342582941
0.8358509484678507
0.8240977376699448
0.825805526226759
0.8186091613024473
0.8073090426623821
0.799589654430747
0.7932543214410543
0.7947654649615288
0.7907480280846357
0.7971530444920063
0.7834730558097363
0.7731656283140182
0.7734864931553602
0.7687874715775251
0.7610146384686232
0.7626938093453646
0.7546766027808189
0.7490755748003721
0.7426648624241352
0.7501561343669891
0.7446036525070667
0.7476720996201038
0.7371936477720737
0.7342067714780569
0.7281485479325056
0.7253785002976656
0.7215180490165949
0.7164557613432407
0.7137937340885401
0.7167182564735413
0.7059133443981409
0.7049642372876406
0.6951154712587595
0.6970858182758093
0.6932531259953976
0.6894249953329563
0.6853792574256659
0.6872170064598322
0.6802179217338562
0.674263259395957
0.6743418928235769
0.6685725133866072
0.6717331223189831
0.6685652732849121
0.6759135015308857
0.6559134256094694
0.6511420831084251
0.6527250185608864
0.6619605179876089
0.6453983653336763
0.6387476604431868
0.6359277293086052
0.6347648687660694
0.6383878067135811
0.6436422932893038
0.6313332561403513
0.6295775212347507
0.6286798138171434
0.6165204159915447
0.6167051363736391
0.6110935173928738
0.6126226149499416
0.6090544164180756
0.609496932476759
0.6156073845922947
0.5984234940260649
0.6017701532691717
0.600822078064084
0.5998755395412445
0.5954173058271408
0.5951190441846848
0.5872347448021173
0.5862306244671345
0.5855108052492142
0.5968927387148142
0.5949421487748623
0.5768938381224871
0.5717646004632115
0.5701600452885032
0.563731555826962
0.5664291875436902
0.5617854166775942
0.5609861295670271
0.5635805930942297
0.5672719469293952
0.5563215930014849
0.5537837585434318
0.5504595749080181
0.5496123861521482
0.5557138426229358
0.5551578504964709
0.5435035647824407
0.5422216774895787
0.5458816038444638
0.5570597425103188
0.5528153432533145
0.5417851358652115
0.5341898668557405
0.5315207643434405
0.5268071545287967
0.5348184378817677
0.5328494347631931
0.5256305979564786
0.5286019127815962
0.5261948695406318
0.5261211153119802
0.5203539133071899
0.5312043409794569
0.5228657517582178
0.5174531321972609
0.5158480126410723
0.5101565644145012
0.502634241245687
0.5026565520092845
0.49997842218726873
