5.955851301550865
4.069178327918053
3.5603177174925804
3.3843356147408485
3.1831468269228935
2.721401736140251
2.4813719987869263
2.368763245642185
2.281738758087158
2.1881543435156345
2.0844994224607944
1.9984133169054985
1.9255011901259422
1.8684017807245255
1.8165254592895508
1.7713983245193958
1.7310588732361794
1.6998582854866982
1.6667189672589302
1.6472775861620903
1.6118004582822323
1.5872037410736084
1.5613698288798332
1.5444805771112442
1.5152046047151089
1.4911736026406288
1.4747508242726326
1.4525263011455536
1.4330057352781296
1.4189393781125546
1.4021704122424126
1.3775973431766033
1.3664794228971004
1.3502974770963192
1.3403581716120243
1.3257709071040154
1.30870795622468
1.2965388894081116
1.279128722846508
1.2716668285429478
1.259562898427248
1.2479038536548615
1.2341558411717415
1.225807685405016
1.2180861979722977
1.2106638811528683
1.2010139245539904
1.194703422486782
1.180630162358284
1.1695602908730507
1.1629530377686024
1.1579560413956642
1.1462730839848518
1.134781263768673
1.1344960182905197
1.1351153291761875
1.1197859197854996
1.1066429056227207
1.1009978670626879
1.0950011890381575
1.0875153541564941
1.0808432847261429
1.072046348825097
1.0674581080675125
1.0610924530774355
1.052468117326498
1.0416201055049896
1.0404930226504803
1.0372845623642206
1.0250293519347906
1.0204723495990038
1.015543445944786
1.0127127636224031
1.0077142175287008
0.9987563192844391
0.9950179867446423
0.9938020650297403
0.9912519622594118
0.9764085114002228
0.9739291276782751
0.9631348811089993
0.9583782870322466
0.9573207311332226
0.9521623346954584
0.9540914539247751
0.9506831225007772
0.9401797130703926
0.93708704598248
0.9270332027226686
0.9217530619353056
0.9189576506614685
0.919106874614954
0.9120693877339363
0.9081816840916872
0.9060527123510838
0.9000307451933622
0.8952007610350847
0.8917367905378342
0.8850501850247383
0.8836806397885084
0.8752056919038296
0.8781217485666275
0.8756204191595316
0.8676952254027128
0.8630667272955179
0.8613783307373524
0.8597032707184553
0.8494105022400618
0.8467523530125618
0.8456833455711603
0.837636012583971
0.8443561755120754
0.8326279893517494
0.8278240133076906
0.826096847653389
0.8261248040944338
0.8205779325217009
0.8198553379625082
0.81211475469172
0.8073725458234549
0.8053728863596916
0.8041887860745192
0.7994538154453039
0.7988395914435387
0.7937895096838474
0.7925814595073462
0.7935480289161205
0.7883174903690815
0.7806508261710405
0.7782037612050772
0.7748357709497213
0.7738003972917795
0.765465660020709
0.7644043974578381
0.7635985836386681
0.7625743933022022
0.7625338677316904
0.7561142072081566
0.749562157317996
0.7630837094038725
0.7499148324131966
0.743888009339571
0.7462328020483255
0.7441605161875486
0.7378360014408827
0.7340566962957382
0.7310407981276512
0.7320839371532202
0.7262314613908529
0.7291715517640114
0.7239277698099613
0.7222404759377241
0.7185278590768576
0.7188852950930595
0.7141080275177956
0.7261750027537346
0.716730447486043
0.7061911970376968
0.7041327655315399
0.7045434471219778
0.6932062674313784
0.6999749056994915
0.688560513779521
0.6890233568847179
0.6871257908642292
0.6941088605672121
0.6924007087945938
0.686417493969202
0.6828779224306345
0.6756736300885677
0.6728991791605949
0.6746098790317774
0.6723859161138535
0.6662414390593767
0.6653796955943108
0.6695229262113571
0.6700713150203228
0.6628344748169184
0.6610663291066885
0.6622702237218618
0.6601951438933611
0.6598319187760353
0.666108749806881
0.6598281674087048
0.6573659311980009
0.6467159502208233
0.6450449489057064
0.643994614481926
0.6433805357664824
0.6361106056720018
0.6434874776750803
0.6394913606345654
0.6336885970085859
0.6320086177438498
0.6365823894739151
0.6351127102971077
0.6322896052151918
0.6310226954519749
0.6282469294965267
0.6294006016105413
