6.215298533439636
4.168243169784546
3.06498896330595
2.7114006504416466
2.5627156496047974
2.3675730898976326
2.216897752135992
2.113533139228821
2.02842079102993
1.9487463720142841
1.8688594102859497
1.80019885674119
1.7485746666789055
1.706279519945383
1.6680344976484776
1.6286177709698677
1.598409753292799
1.5601943358778954
1.534105896949768
1.505637887865305
1.4634846560657024
1.4431465901434422
1.41236936673522
1.3798004351556301
1.3512452132999897
1.3237125165760517
1.3008253686130047
1.2743058614432812
1.2510361224412918
1.2312659323215485
1.2077459022402763
1.193881444633007
1.1713892482221127
1.1555532943457365
1.13857039809227
1.1235604025423527
1.1112215463072062
1.0946164671331644
1.0742824245244265
1.0627695638686419
1.0518218986690044
1.0350708905607462
1.0204959772527218
1.0121295005083084
0.9998920075595379
0.9840541519224644
0.9943078011274338
0.9734119884669781
0.9499630909413099
0.9342908300459385
0.9243134688585997
0.9133730009198189
0.9047977048903704
0.893464770168066
0.8860543239861727
0.8855391927063465
0.8715633284300566
0.8543927855789661
0.8795240707695484
0.850698946043849
0.8319354671984911
0.8175898902118206
0.8147987369447947
0.8110550902783871
0.7990748062729836
0.7856371384114027
0.7829841692000628
0.7811764869838953
0.7732958495616913
0.7682683914899826
0.778875419870019
0.7554769162088633
0.7435341607779264
0.7377917990088463
0.7272965423762798
0.7238480690866709
0.7229144554585218
0.7336543444544077
0.7153149284422398
0.7016180716454983
0.6903460342437029
0.6834907364100218
0.6790587157011032
0.6767744943499565
0.6651475578546524
0.663926187902689
0.661867780610919
0.6656588930636644
0.65433369576931
0.6415992397814989
0.6450023669749498
0.6314587667584419
0.6285973079502583
0.6304408386349678
0.6308561991900206
0.6161281894892454
0.6072359997779131
0.5999722704291344
0.6055477373301983
0.6015777215361595
0.5978089589625597
0.5904942993074656
0.5823959540575743
0.5810038726776838
0.5789715591818094
0.5765990130603313
0.5689980648458004
0.5584664326161146
0.5550437644124031
0.5529697481542826
0.5577737530693412
0.5901399403810501
0.5569225437939167
0.5547377206385136
0.5431631077080965
0.5289147002622485
0.5272346185520291
0.5228836396709085
0.5190456751734018
0.5205007288604975
0.5233177607879043
0.5223491210490465
0.5159494765102863
0.5031978012993932
0.5060632675886154
0.4995214035734534
0.4986277846619487
0.4934331467375159
0.48916091676801443
0.48770327493548393
0.487444250844419
0.4850280974060297
0.4797525377944112
0.4768796758726239
0.4742198856547475
0.4690313749015331
0.46968629490584135
0.4739326275885105
0.46464075054973364
0.4602739289402962
0.4565421026200056
0.4555472545325756
0.45013509318232536
0.44288589525967836
0.44226807076483965
0.43873979337513447
0.4397637816146016
0.45665883738547564
0.48280245438218117
0.44293770007789135
0.4315073527395725
0.4286101069301367
0.42245947010815144
0.4179146643728018
0.41559293027967215
0.42277436703443527
0.4368915883824229
0.41852877009660006
0.41204225458204746
0.40718771889805794
0.4100252725183964
0.40301177743822336
0.3977108867838979
0.3955994425341487
0.3992447154596448
0.3970181914046407
0.3912118636071682
0.39697250071913004
0.39358855225145817
0.38804301247000694
0.3845876595005393
0.382630649022758
0.37894847709685564
0.38309120386838913
0.3787698606029153
0.37486142851412296
0.3755240812897682
0.3684775326400995
0.3617724049836397
0.3768162168562412
0.3750912547111511
0.3625586051493883
0.35672214813530445
0.3532865783199668
0.35598758421838284
0.3533112006261945
0.35453097987920046
0.3605204150080681
0.35998914670199156
0.3444347707554698
0.3364678956568241
0.34101224690675735
0.3527467167004943
0.33978829253464937
0.33779517747461796
0.337711020372808
0.3308588657528162
0.3280254192650318
0.32811960484832525
0.3263507289811969
