5.815975293517113
3.9336135163903236
3.443546935915947
3.0090557858347893
2.283889267593622
2.0395838879048824
1.8958344645798206
1.7885654233396053
1.7031557820737362
1.628142960369587
1.5673479847609997
1.5065760798752308
1.455914493650198
1.4153026081621647
1.3767067715525627
1.3389317244291306
1.2942079529166222
1.2665035016834736
1.2290574349462986
1.2154468931257725
1.1683157868683338
1.1453247871249914
1.1166371293365955
1.0939046125859022
1.0657414961606264
1.0360882245004177
1.0224888045340776
0.9977429080754519
0.9733684733510017
0.9544570166617632
0.931803097948432
0.9190275929868221
0.8943276926875114
0.878136770799756
0.8644845727831125
0.8470773492008448
0.830365652218461
0.8162407986819744
0.7998457159847021
0.7905583512037992
0.7735350802540779
0.7648845203220844
0.7542220652103424
0.7379084471613169
0.7283167988061905
0.7156126797199249
0.7061589565128088
0.6944667287170887
0.6841450054198503
0.6773938219994307
0.6659233141690493
0.6791903711855412
0.6591970473527908
0.6384376659989357
0.6275670789182186
0.6201488170772791
0.6143065020442009
0.6052283253520727
0.6063079703599215
0.5965029373764992
0.5843755882233381
0.5761165339499712
0.5677000097930431
0.5610222145915031
0.5537653882056475
0.5461310911923647
0.5425251694396138
0.5412020776420832
0.5386940781027079
0.5264780670404434
0.5143449632450938
0.5103480024263263
0.5051454352214932
0.4962244210764766
0.4953279849141836
0.48859439976513386
0.482165003195405
0.4774814136326313
0.4767192658036947
0.47623611614108086
0.4697799002751708
0.45792147424072027
0.44986825343221426
0.44425756204873323
0.43847627006471157
0.4363849386572838
0.434129074215889
0.42554695531725883
0.422711880877614
0.41738815885037184
0.41381175071001053
0.4076368259266019
0.4019067008048296
0.4063655333593488
0.39618460461497307
0.3929536435753107
0.3882849235087633
0.38315525371581316
0.38755885139107704
0.3765993043780327
0.3739669965580106
0.3712988365441561
0.36476121470332146
0.36496223602443933
0.3599750865250826
0.35514436289668083
0.3569791801273823
0.3487148666754365
0.34137222170829773
0.33888144325464964
0.3409312264993787
0.3378776228055358
0.3304840177297592
0.32657401729375124
0.3245870340615511
0.32097729481756687
0.3182285260409117
0.3154108114540577
0.3148826165124774
0.3116528866812587
0.30998953618109226
0.3051451649516821
0.30005798302590847
0.29706940054893494
0.2962957751005888
0.29654656536877155
0.2945269700139761
0.29362829215824604
0.28904727660119534
0.29368690866976976
0.2825889140367508
0.2792567373253405
0.27635483630001545
0.2769620241597295
0.27269789576530457
0.26925478409975767
0.26736155431717634
0.2655037739314139
0.26872162614017725
0.2633354542776942
0.25924915727227926
0.25800912268459797
0.2756246402859688
0.27004338474944234
0.2485437160357833
0.24577143788337708
0.24490483291447163
0.24182923836633563
0.2399034984409809
0.2388710891827941
0.2388980253599584
0.234904024284333
0.23207373078912497
0.2301459014415741
0.231215488165617
0.22911337204277515
0.22866590088233352
0.2263826411217451
0.22521367203444242
0.2233057850971818
0.22358777234330773
0.22168910037726164
0.21786055527627468
0.21867304714396596
0.2192848101258278
0.21675834199413657
0.2227939823642373
0.2102648913860321
0.2140370407141745
0.21954789850860834
0.20957855647429824
0.2037855559028685
0.20201681554317474
0.20649542706087232
0.20008948119357228
0.19685466960072517
0.19511190429329872
0.19269891176372766
0.1985286488197744
0.1989756147377193
0.19656638894230127
0.19049645913764834
0.18932246742770076
0.1874027606099844
0.1869952892884612
0.1916395747102797
0.18906350759789348
0.1847301833331585
0.18214918579906225
0.1808930765837431
0.1811390253715217
0.18329355493187904
0.17952359281480312
0.1807687571272254
0.178432984277606
0.17355649266391993
0.1764432154595852
0.17481311922892928
0.17201867420226336
0.17568688187748194
