5.081582203507423
3.7910070344805717
3.4110926687717438
2.8266974687576294
2.3824404552578926
2.1131429374217987
1.8993208780884743
1.7653510943055153
1.6720016561448574
1.5992552228271961
1.5348733328282833
1.468724187463522
1.4101327918469906
1.3663242980837822
1.3276849500834942
1.2861719205975533
1.2406493164598942
1.210465606302023
1.167774260044098
1.14404571428895
1.1020640842616558
1.0740332677960396
1.0388188418000937
1.0060526058077812
0.9814633969217539
0.9509155098348856
0.9265950582921505
0.8963230010122061
0.876895735040307
0.8576821591705084
0.8243159558624029
0.8042893186211586
0.7803204376250505
0.7640690300613642
0.7474408466368914
0.7288173269480467
0.7128008585423231
0.6952284947037697
0.6762324813753366
0.6622767448425293
0.6422306429594755
0.6280715614557266
0.6175960879772902
0.6041915323585272
0.5992353856563568
0.5817971266806126
0.5767923556268215
0.5600722208619118
0.544712190516293
0.5397752542048693
0.521244621835649
0.5113997096195817
0.5079894447699189
0.4936007158830762
0.4933000700548291
0.4817925142124295
0.46968120615929365
0.46034472063183784
0.4531876686960459
0.44340086355805397
0.44657569471746683
0.4314059056341648
0.4213850283995271
0.4147984003648162
0.4046780401840806
0.39793903660029173
0.39557999558746815
0.38573682215064764
0.3764034863561392
0.3763787429779768
0.3736757570877671
0.363823601976037
0.35106492042541504
0.34605901408940554
0.35274749528616667
0.34118141513317823
0.334800211712718
0.32399840746074915
0.3153249332681298
0.31391041073948145
0.3080135639756918
0.3043838497251272
0.3070808621123433
0.2992477482184768
0.29926191736012697
0.2867852747440338
0.2780241556465626
0.2789464145898819
0.270665371324867
0.2702326630242169
0.26081689447164536
0.2564780521206558
0.2527220915071666
0.2529039899818599
0.24961328692734241
0.2465559234842658
0.23820891045033932
0.23192806309089065
0.22946339333429933
0.22767605539411306
0.2256238991394639
0.22045459179207683
0.21715261368080974
0.21147638466209173
0.20695298397913575
0.20760911842808127
0.20404571294784546
0.20244111912325025
0.19828454218804836
0.2017943849787116
0.19024926284328103
0.18893738696351647
0.18691110191866755
0.1821923111565411
0.17855188762769103
0.17850778996944427
0.1751189399510622
0.18050881009548903
0.1714018969796598
0.17200096230953932
0.16648432007059455
0.16836539469659328
0.15821424731984735
0.18222074955701828
0.16944869747385383
0.15256782341748476
0.14676309935748577
0.14456587587483227
0.14087194902822375
0.14079907443374395
0.1374458884820342
0.13631750224158168
0.13470085710287094
0.13109938660636544
0.1278892068658024
0.14345919131301343
0.14302054606378078
0.12411433970555663
0.11990624410100281
0.1179602809716016
0.11651224177330732
0.1132326575461775
0.11119481828063726
0.11134638800285757
0.11050138715654612
0.1072425371967256
0.10404394497163594
0.10392884840257466
0.10359962028451264
0.10235605551861227
0.10189507296308875
0.09824011754244566
0.09927945281378925
0.09664810891263187
0.09348877752199769
0.0950544704683125
0.09560023318044841
0.09527011821046472
0.08947345172055066
0.0850191437639296
0.0845712311565876
0.08265840169042349
0.08091616630554199
0.07970579364337027
0.07958958973176777
0.07994673890061677
0.08108350704424083
0.07768652914091945
0.07930271397344768
0.10274656862020493
0.10141271189786494
0.10796881327405572
0.12826475873589516
0.10659657861106098
0.07726478832773864
0.06876750499941409
0.06378611898981035
0.06111323810182512
0.06039071292616427
0.059027121984399855
0.057674789568409324
0.056817504460923374
0.0567578790942207
0.055271193268708885
0.05618209601379931
0.058058989932760596
0.05382426793221384
0.05216169822961092
0.05168943025637418
0.05040091695263982
0.04956601944286376
0.04902630962897092
0.048672297736629844
0.048885516822338104
0.04714886250440031
0.04892508510965854
0.04858335177414119
0.04942007386125624
0.04619555757381022
0.04406541050411761
