5.895447209477425
4.786174774169922
4.138278946280479
3.6436547860503197
3.154539033770561
2.950602538883686
2.8217082023620605
2.660231366753578
2.5529768019914627
2.4755101650953293
2.4188204184174538
2.371279262006283
2.3215609788894653
2.28048687428236
2.247429035604
2.2304947525262833
2.2017565444111824
2.170777603983879
2.1220849007368088
2.100175067782402
2.0800736509263515
2.059156857430935
2.0307950787246227
2.01590633764863
1.9890887886285782
1.9610975459218025
1.9494024142622948
1.9245664030313492
1.9073216617107391
1.891809020191431
1.877118181437254
1.8486563116312027
1.8319213464856148
1.8241026066243649
1.8084617778658867
1.8015300557017326
1.7741103433072567
1.753144584596157
1.7338076792657375
1.7231884337961674
1.6979443207383156
1.6884803734719753
1.681649275124073
1.658344343304634
1.6546531654894352
1.665086805820465
1.6263789124786854
1.6020811051130295
1.5932500064373016
1.6018573343753815
1.5717430524528027
1.5773004814982414
1.5621972866356373
1.549740258604288
1.530918437987566
1.5194398500025272
1.503554306924343
1.4916352145373821
1.4946576356887817
1.4928025119006634
1.4769801311194897
1.4695934318006039
1.4616328477859497
1.4579174667596817
1.444676212966442
1.4348321072757244
1.4194790087640285
1.4174105115234852
1.4009749181568623
1.4084385596215725
1.3878405839204788
1.3803746402263641
1.3725620955228806
1.3671849817037582
1.3552899397909641
1.3545237146317959
1.345994297415018
1.3469333834946156
1.3288035579025745
1.3275434412062168
1.340507548302412
1.3218818679451942
1.3007276058197021
1.2941791452467442
1.3037091195583344
1.2940996401011944
1.273108433932066
1.2763241417706013
1.2674917466938496
1.2904708236455917
1.2591007836163044
1.2506002821028233
1.2575428523123264
1.2414406761527061
1.2366968654096127
1.2225745879113674
1.2154128812253475
1.220697846263647
1.205773290246725
1.1999006681144238
1.1920763663947582
1.1940126605331898
1.2094303108751774
1.1983032561838627
1.1804726794362068
1.1922035850584507
1.1887716390192509
1.1632746197283268
1.1635486222803593
1.160620965063572
1.1541815157979727
1.1630289144814014
1.1539404839277267
1.166058711707592
1.1393451169133186
1.1278647314757109
1.120818953961134
1.1335223261266947
1.1095854435116053
1.1116317212581635
1.109712440520525
1.10512600466609
1.1061941906809807
1.1186669990420341
1.1051818132400513
1.0870513767004013
1.0875025689601898
1.0864585228264332
1.077845437452197
1.0891263764351606
1.0703256912529469
1.0673366617411375
1.0588147919625044
1.0505410619080067
1.0527972802519798
1.0635935328900814
1.0435472503304482
1.0318164471536875
1.0393436048179865
1.0311767626553774
1.0405318774282932
1.030896594747901
1.0303197652101517
1.0354145504534245
1.026470199227333
1.0206008665263653
1.042677778750658
1.0285713393241167
1.0049474351108074
0.9975717272609472
0.9928436260670424
0.9959903862327337
0.9971663188189268
0.991868244484067
0.986046938225627
0.9800148475915194
0.9764780439436436
0.981612903997302
0.9773569144308567
0.9734101518988609
0.9679340440779924
0.9633598625659943
0.966254273429513
0.9568913597613573
0.9564722497016191
0.9616061076521873
0.9551700297743082
0.9611474983394146
0.9403791576623917
0.9362790714949369
0.9362405855208635
0.9322679191827774
0.9375408906489611
0.9399341512471437
0.9477923549711704
0.9433240313082933
0.92643678560853
0.9198321998119354
0.9185513705015182
0.9142819568514824
0.9151630215346813
0.9197668675333261
0.9324867837131023
0.9206388145685196
0.9096475914120674
0.9066899847239256
0.9013100303709507
0.9078753758221865
0.8977544512599707
0.8935061059892178
0.8888006713241339
0.8864911049604416
0.8921971078962088
0.8777951113879681
0.8781416267156601
0.8906631525605917
0.877202657982707
0.8727352973073721
0.8659490328282118
0.868706401437521
