5.782191067934036
4.743607088923454
3.6020811274647713
3.1674267053604126
2.983903758227825
2.8626828789711
2.708229959011078
2.6126978620886803
2.5307563468813896
2.4472683370113373
2.3858712688088417
2.3208426907658577
2.280694294720888
2.2267899848520756
2.1959729939699173
2.150185976177454
2.111370202153921
2.0771710947155952
2.0416467301547527
2.0178379602730274
1.984200444072485
1.9460510164499283
1.9154356233775616
1.8851006515324116
1.8613742925226688
1.8217733018100262
1.7959479205310345
1.7767490446567535
1.746769305318594
1.7173968367278576
1.6897518746554852
1.670207567512989
1.6454578638076782
1.6273693330585957
1.6159779094159603
1.5839581117033958
1.5708434581756592
1.5427016206085682
1.5483080595731735
1.5167115405201912
1.4946590662002563
1.4890056662261486
1.4647541157901287
1.4427029341459274
1.4233725108206272
1.4190246611833572
1.396635290235281
1.387070119380951
1.3756702952086926
1.3643115907907486
1.3492478244006634
1.332233302295208
1.3126408942043781
1.3130613341927528
1.300856675952673
1.2799093574285507
1.268896996974945
1.2622205279767513
1.2519025318324566
1.2377173863351345
1.2271368317306042
1.2201671563088894
1.2126181535422802
1.2044249288737774
1.2019908241927624
1.1808690708130598
1.1621916331350803
1.1591680999845266
1.1468183360993862
1.1348601784557104
1.134001512080431
1.11844015493989
1.115250552073121
1.108072642236948
1.1012082733213902
1.0869616158306599
1.075904667377472
1.0735762622207403
1.0689127203077078
1.0632880702614784
1.0517091564834118
1.0360336415469646
1.0365533232688904
1.0235966816544533
1.0197467524558306
1.0189739353954792
1.0123367886990309
1.006376525387168
1.0008155517280102
0.9908234253525734
0.9878504108637571
0.9743622578680515
0.9765282198786736
0.9641640149056911
0.9606695957481861
0.9527912400662899
0.9416869580745697
0.9314167480915785
0.935681926086545
0.9258812759071589
0.9260637741535902
0.921528235077858
0.9051057416945696
0.9085656851530075
0.9048327896744013
0.8919124882668257
0.8829113189131021
0.8743143752217293
0.8715635575354099
0.8727245796471834
0.8681700434535742
0.8701186776161194
0.8523495737463236
0.8534135762602091
0.8708212915807962
0.8733901437371969
0.8531774915754795
0.8427729140967131
0.8296133447438478
0.8238727524876595
0.8166646845638752
0.8133194297552109
0.8147597033530474
0.8102251421660185
0.7996763549745083
0.8000805955380201
0.7936582323163748
0.792588334530592
0.7920185346156359
0.7847572136670351
0.7865828089416027
0.7828344237059355
0.7781466618180275
0.7693042065948248
0.7633441425859928
0.7649271357804537
0.7678247969597578
0.7641314528882504
0.7521037459373474
0.7441436424851418
0.7435482162982225
0.7396015375852585
0.7451966162770987
0.7346091903746128
0.7286061551421881
0.7231597173959017
0.7217795550823212
0.7194003164768219
0.7189931999891996
0.7215391546487808
0.7206679899245501
0.7101467046886683
0.7074638679623604
0.7154540009796619
0.7130947969853878
0.7031788267195225
0.6942552551627159
0.6840113569051027
0.6947149336338043
0.7048293314874172
0.6833577696233988
0.6750719174742699
0.6760325413197279
0.6711532585322857
0.6714750621467829
0.6704279594123363
0.6679852232336998
0.6759033929556608
0.6640958413481712
0.6579972971230745
0.6542182359844446
0.6470410265028477
0.6548833064734936
0.6653282772749662
0.6426582559943199
0.6451507266610861
0.6562561113387346
0.6454783249646425
0.6316724997013807
0.6280401386320591
0.6410436425358057
0.6259787566959858
0.6288972590118647
0.6237575430423021
0.6184157226234674
0.6234121825546026
0.6171310171484947
0.6085010785609484
0.6047161966562271
0.608369491994381
0.6114199124276638
0.6085083428770304
0.6147048491984606
0.6058283541351557
0.6036558821797371
0.5945406928658485
0.5861220937222242
0.590771896764636
0.5985508393496275
0.5965518187731504
