5.9793208837509155
4.4537345841526985
3.738639786839485
3.3678737431764603
2.829556457698345
2.556293301284313
2.3530349507927895
2.189399801194668
2.077908854931593
2.0003167241811752
1.936994917690754
1.8804951012134552
1.8285365998744965
1.7888868115842342
1.7423688806593418
1.704339150339365
1.668791577219963
1.6354966275393963
1.609707523137331
1.5799048133194447
1.5525784008204937
1.5305655896663666
1.5083195380866528
1.4827783182263374
1.4536307454109192
1.434471320360899
1.4071720726788044
1.3901132978498936
1.3673901446163654
1.351452276110649
1.3335945308208466
1.3145817033946514
1.3024914413690567
1.2837467528879642
1.2706713005900383
1.253534097224474
1.2412079088389874
1.2286120057106018
1.215827327221632
1.2007743567228317
1.1910283416509628
1.1802515089511871
1.1640321165323257
1.1562227830290794
1.143158234655857
1.132215641438961
1.1217218097299337
1.112755462527275
1.1058508045971394
1.091925473883748
1.0825963634997606
1.069237457588315
1.0577722620218992
1.0488860830664635
1.0438218917697668
1.0340439584106207
1.0238370914012194
1.0126976184546947
1.0072823204100132
1.0013874489814043
0.9922949261963367
0.9822890311479568
0.9796610716730356
0.9671893790364265
0.9570990726351738
0.9510039128363132
0.9398263450711966
0.9307770617306232
0.9280502628535032
0.91879041492939
0.916826156899333
0.911110071465373
0.9035104755312204
0.8954734802246094
0.8847530446946621
0.881299814209342
0.8768643904477358
0.8724629860371351
0.86576808989048
0.8647991996258497
0.8509075716137886
0.8463188577443361
0.8397716581821442
0.8329824041575193
0.8286734912544489
0.8248700723052025
0.8170531075447798
0.8147183749824762
0.8089836239814758
0.8060333859175444
0.8024897444993258
0.7955716531723738
0.7889865022152662
0.7840938288718462
0.7797639071941376
0.7733098324388266
0.7669146731495857
0.7649243362247944
0.7639798652380705
0.7536910250782967
0.7481807246804237
0.746812853962183
0.7484484575688839
0.7406361419707537
0.7348246201872826
0.728255482390523
0.7276762202382088
0.728283517062664
0.7197501342743635
0.7156233508139849
0.7089852914214134
0.7084222640842199
0.7154633365571499
0.7168450485914946
0.7008830159902573
0.6918996348977089
0.6877638716250658
0.6830585971474648
0.679077610373497
0.6790090054273605
0.6701104193925858
0.6692454665899277
0.6680667698383331
0.6626890506595373
0.6580293532460928
0.6607239488512278
0.6578547172248363
0.6516507733613253
0.6457869280129671
0.6481759864836931
0.644165525212884
0.6365955360233784
0.6388123501092196
0.6387889422476292
0.628971504047513
0.6261161956936121
0.6239047944545746
0.6170860175043344
0.6162267960608006
0.6155753415077925
0.6127981394529343
0.6106712147593498
0.6100895162671804
0.6029408108443022
0.6016221661120653
0.6023025382310152
0.6020603347569704
0.5964431334286928
0.5932502318173647
0.5882896557450294
0.5897533688694239
0.5907602421939373
0.5837347768247128
0.5772115830332041
0.5779497493058443
0.5750087760388851
0.569297787733376
0.5673980303108692
0.5668954104185104
0.5680860113352537
0.5648588296025991
0.5597167182713747
0.5597927607595921
0.5559533135965466
0.5526714138686657
0.5494251744821668
0.5478729978203773
0.5464283358305693
0.551336508244276
0.5413277614861727
0.5380738256499171
0.5449689207598567
0.5404068231582642
0.5358133120462298
0.5359081104397774
0.529401246458292
0.5228643706068397
0.5270521799102426
0.519410876557231
0.5220949491485953
0.534169121645391
0.5263157105073333
0.519464093260467
0.5139978416264057
0.5142359612509608
0.5100135607644916
0.5055532278493047
0.5019396441057324
0.5047391150146723
0.502458113245666
0.4989767549559474
0.49608047399669886
0.4919669348746538
0.49025046452879906
0.49568647891283035
0.5001686038449407
0.4924074551090598
0.486513365060091
0.48282579984515905
0.48229522071778774
