5.86624039709568
4.7293631285429
4.0767930299043655
3.6143933609128
3.115736238658428
2.7844759076833725
2.600089929997921
2.4943479746580124
2.4174475893378258
2.342153400182724
2.2841372713446617
2.234618879854679
2.1793599165976048
2.140495415776968
2.1063365563750267
2.0881018973886967
2.0626948475837708
2.0204210095107555
1.9753958471119404
1.9481622241437435
1.9201077260077
1.8944828733801842
1.8722191229462624
1.8444086946547031
1.8281681686639786
1.7883344776928425
1.7763709612190723
1.7507635727524757
1.7317119464278221
1.7099152356386185
1.6939789354801178
1.6695248484611511
1.6452415585517883
1.6265165135264397
1.6204008981585503
1.607048150151968
1.5792260058224201
1.5599344223737717
1.5362020209431648
1.519087016582489
1.5044376999139786
1.4944418482482433
1.4879939071834087
1.469868678599596
1.4513759464025497
1.4463354460895061
1.4192113876342773
1.4076188206672668
1.3975558392703533
1.3989361748099327
1.3772017732262611
1.3722471371293068
1.3502347767353058
1.348894014954567
1.3570364937186241
1.3401902318000793
1.3217681907117367
1.2992272265255451
1.2929070070385933
1.2862447760999203
1.274178173393011
1.261187620460987
1.2516637742519379
1.2449548840522766
1.2445513717830181
1.2448061406612396
1.217844683676958
1.2057188674807549
1.2013964131474495
1.18670953810215
1.180826935917139
1.182909619063139
1.1753245778381824
1.1683768704533577
1.1616439074277878
1.1458821296691895
1.137280521914363
1.146726941689849
1.1308215912431479
1.1367621906101704
1.1675852239131927
1.1170446444302797
1.0932000894099474
1.093736320734024
1.1006400398910046
1.083896964788437
1.078202398493886
1.07415521889925
1.075379939749837
1.0733794663101435
1.0610185153782368
1.044199701398611
1.0458424296230078
1.039014445617795
1.0374387670308352
1.0537074375897646
1.022246427834034
1.0181390009820461
1.0109765399247408
1.0091269928961992
0.9965721759945154
0.9858813472092152
0.9862996954470873
0.9894186817109585
0.9753349311649799
0.972657635807991
0.9748112857341766
0.9634733013808727
0.9641114044934511
0.9507206566631794
0.9425433296710253
0.9362932667136192
0.9413857571780682
0.9420178700238466
0.9393480755388737
0.9793124757707119
0.9734843727201223
0.9381360560655594
0.9171223621815443
0.9067929722368717
0.8990420233458281
0.8957812841981649
0.9031967651098967
0.892068836838007
0.8883801829069853
0.8874212987720966
0.8844033665955067
0.8847072664648294
0.8784880694001913
0.8786256555467844
0.8662441354244947
0.8541659340262413
0.8529905509203672
0.8566054571419954
0.8660731557756662
0.8605594970285892
0.8723044656217098
0.851919561624527
0.8368689566850662
0.8341134823858738
0.8318783957511187
0.8261998221278191
0.8303076177835464
0.8292018603533506
0.8246431406587362
0.8169666156172752
0.8143634330481291
0.814395634457469
0.8104709889739752
0.8014067895710468
0.8247531540691853
0.8452527560293674
0.8043447323143482
0.7958735506981611
0.7862099409103394
0.7803328167647123
0.7849497757852077
0.7746139839291573
0.7751088812947273
0.7754873931407928
0.7655448857694864
0.7647791691124439
0.7715088091790676
0.7751427534967661
0.7746222577989101
0.7675557751208544
0.7612044792622328
0.7513813693076372
0.7543958555907011
0.7698649521917105
0.7623520866036415
0.7455925066024065
0.7425017561763525
0.7389749810099602
0.7585960701107979
0.7422101814299822
0.7326963003724813
0.7309724055230618
0.7284321002662182
0.7416351661086082
0.729467611759901
0.7217885497957468
0.720369191840291
0.715613117441535
0.7114433813840151
0.7084658518433571
0.7068129889667034
0.7222045455127954
0.7262875717133284
0.7322888430207968
0.713688038289547
0.697225546464324
0.6852429285645485
0.6959176622331142
0.6877746004611254
0.6843670550733805
0.6825340613722801
0.6785231679677963
0.6731627136468887
0.6738903112709522
