5.458156153559685
3.9278653264045715
3.452162817120552
2.8142296746373177
2.5174842476844788
2.3210882544517517
2.146587375551462
2.009784050285816
1.9342506043612957
1.8242836892604828
1.7610633336007595
1.7062398716807365
1.6536838710308075
1.6104076206684113
1.5783737376332283
1.5333808101713657
1.4990345612168312
1.4659749493002892
1.4375375285744667
1.4064741060137749
1.3815915547311306
1.3546446971595287
1.3328282795846462
1.3081610836088657
1.2834231480956078
1.2630833201110363
1.2404867857694626
1.2308750413358212
1.2143122218549252
1.1977262310683727
1.171741534024477
1.1496184840798378
1.1358112134039402
1.1219904161989689
1.1045295223593712
1.0917968451976776
1.0785730723291636
1.0605706572532654
1.0438314899802208
1.0352567993104458
1.0260272268205881
1.014367127791047
0.9958596713840961
0.9811448156833649
0.9709294270724058
0.9576359279453754
0.9458875991404057
0.9435149077326059
0.9296255949884653
0.9154352582991123
0.9040591847151518
0.8923272620886564
0.8835108336061239
0.8732655085623264
0.8644099961966276
0.8565765134990215
0.8454615399241447
0.8358806055039167
0.8305776882916689
0.819819450378418
0.8132640030235052
0.8057649359107018
0.7948476653546095
0.7912532556802034
0.7758044861257076
0.7688303794711828
0.7589991837739944
0.7518969587981701
0.744401229545474
0.7408913299441338
0.7343730144202709
0.7288912516087294
0.7218105290085077
0.7110273279249668
0.7084065545350313
0.704145472496748
0.7012322209775448
0.6915470603853464
0.6833310630172491
0.6793313790112734
0.6652659308165312
0.6576533894985914
0.6522548496723175
0.6512567587196827
0.6404740270227194
0.63877172768116
0.6328716166317463
0.6275577079504728
0.6178758461028337
0.6160770021378994
0.6119494866579771
0.6039093602448702
0.5992807690054178
0.5952664613723755
0.5902556404471397
0.5883480589836836
0.5809144154191017
0.5757614281028509
0.5744674783200026
0.5705410949885845
0.5646519865840673
0.5536555219441652
0.5567324301227927
0.556562252342701
0.5463832002133131
0.543396757915616
0.547310234978795
0.528559347614646
0.5260210605338216
0.5245519438758492
0.5189237548038363
0.5152389910072088
0.5130104459822178
0.5056382780894637
0.5011119535192847
0.5006292434409261
0.495415429584682
0.49474573507905006
0.49230472184717655
0.4842123920097947
0.4821141017600894
0.48006898909807205
0.47097615245729685
0.47146226931363344
0.4639164609834552
0.47073770593851805
0.46727345418184996
0.469590681605041
0.45492969918996096
0.4484652942046523
0.44648294523358345
0.4421854689717293
0.44448403362184763
0.43701309338212013
0.43959870655089617
0.42942908871918917
0.4274933096021414
0.4295226624235511
0.4286940572783351
0.4238650631159544
0.4168427148833871
0.41648970264941454
0.41152836941182613
0.40836032293736935
0.4104344295337796
0.40684612561017275
0.40443785209208727
0.41020783223211765
0.4018497113138437
0.39707508124411106
0.39258052967488766
0.38857538532465696
0.3806434217840433
0.3807423412799835
0.38229346089065075
0.38534633256495
0.3790418906137347
0.3727187756448984
0.3763231011107564
0.3713635401800275
0.36200650967657566
0.36403915751725435
0.36570208612829447
0.3570596994832158
0.3560891766101122
0.35403042659163475
0.35521384421736
0.3514804430305958
0.34936351235955954
0.35416546277701855
0.3433457836508751
0.34259354788810015
0.33615615870803595
0.3369801538065076
0.3377607399597764
0.3344235857948661
0.3273202171549201
0.32773371413350105
0.3275345219299197
0.3347134869545698
0.3379125287756324
0.34776104893535376
0.343519676476717
0.3246857598423958
0.3182317679747939
0.31009647715836763
0.3087883125990629
0.3138833614066243
0.31840221025049686
0.3115353584289551
0.3057183204218745
0.3002449171617627
0.29782804660499096
0.29527652356773615
0.30039405915886164
0.30004134587943554
0.30093330331146717
0.2970279147848487
0.29019157215952873
0.28738580644130707
