5.384598456323147
3.627090036869049
2.8940981701016426
2.617872104048729
2.4227898865938187
2.2429903969168663
2.105861108750105
1.9895413257181644
1.9098391458392143
1.8339407108724117
1.7596512213349342
1.6965974159538746
1.651315052062273
1.5937471725046635
1.5409188903868198
1.4945832639932632
1.4542583525180817
1.4116094633936882
1.3785754032433033
1.341670036315918
1.3144773207604885
1.2908424474298954
1.2603272758424282
1.228958174586296
1.2065491117537022
1.1866283752024174
1.1664643473923206
1.145281158387661
1.1223382819443941
1.1051334980875254
1.0883912686258554
1.0676574409008026
1.0473966654390097
1.0293096844106913
1.0172878913581371
1.0021740049123764
0.9863116592168808
0.9708267003297806
0.9523780681192875
0.9419429153203964
0.9270628336817026
0.9245678558945656
0.9134607668966055
0.8906642496585846
0.8783027585595846
0.8736041858792305
0.8552776128053665
0.846242394298315
0.8356606606394053
0.8241530284285545
0.8173230886459351
0.8113236129283905
0.7988317087292671
0.7981550805270672
0.7804893478751183
0.7711032051593065
0.7599323317408562
0.7537987995892763
0.7448171675205231
0.7324197143316269
0.7244497947394848
0.7209165971726179
0.7152279522269964
0.7079327087849379
0.695656068623066
0.6841021981090307
0.6801452804356813
0.6759083177894354
0.6700455695390701
0.6614291574805975
0.6565743442624807
0.6472809240221977
0.6414601784199476
0.6357044037431479
0.6270015202462673
0.6200775559991598
0.6136978920549154
0.6122015900909901
0.6099464260041714
0.5946735814213753
0.5834734998643398
0.5806282553821802
0.5772045850753784
0.5759778907522559
0.5692721204832196
0.5588352475315332
0.5565660800784826
0.551381160505116
0.5480136079713702
0.5399663485586643
0.5378119265660644
0.528751790523529
0.5209912769496441
0.5162330586463213
0.5129414144903421
0.5086730234324932
0.5035426318645477
0.5030116569250822
0.49964264780282974
0.49669031519442797
0.4871449824422598
0.4830905105918646
0.4749668762087822
0.4782946892082691
0.4710043044760823
0.4627802576869726
0.4653463829308748
0.4554911507293582
0.45371875166893005
0.4497554134577513
0.4444568585604429
0.4531012149527669
0.4486720021814108
0.43345255963504314
0.433519808575511
0.435641260817647
0.4301841501146555
0.42077941074967384
0.4138980135321617
0.4119339622557163
0.40852412208914757
0.40226617455482483
0.39864366687834263
0.39550003223121166
0.39226033724844456
0.3888156106695533
0.3903336925432086
0.39385814871639013
0.38872095942497253
0.37970182951539755
0.37563822977244854
0.3730614362284541
0.37123393546789885
0.3719075657427311
0.3653487954288721
0.35801107715815306
0.36529778502881527
0.37463291082531214
0.36867533903568983
0.355189211666584
0.34630641527473927
0.3438938809558749
0.3400244666263461
0.3364599021151662
0.3318596901372075
0.33077143132686615
0.3346671471372247
0.3317082077264786
0.3283953433856368
0.32238569390028715
0.31713301595300436
0.3211573716253042
0.3200305746868253
0.31546732038259506
0.3172100577503443
0.3179567391052842
0.3081268258392811
0.30222571082413197
0.2984046386554837
0.3006815556436777
0.3030927162617445
0.2951687416061759
0.2922738306224346
0.29126602970063686
0.291571325622499
0.2887769751250744
0.2835826873779297
0.28632222302258015
0.29749874118715525
0.2944171316921711
0.2908770218491554
0.28093921998515725
0.27425581961870193
0.2711311304010451
0.2715543592348695
0.26853345055133104
0.2633477156050503
0.26301798690110445
0.26036304561421275
0.26625002594664693
0.27290321607142687
0.26473876647651196
0.25911697279661894
0.25890376046299934
0.2581092584878206
0.2531781177967787
0.24914464121684432
0.2497697975486517
0.24821803625673056
0.24259426211938262
0.2408808283507824
0.24654401559382677
0.24559618392959237
0.2405111975967884
0.2365903784520924
0.23410457000136375
0.230114022269845
0.22762287454679608
0.23072896990925074
0.23301939014345407
