6.939391040802002
5.6023866653442385
4.58892560005188
4.208413088321686
3.673965889215469
3.3539353251457213
3.1305140614509583
3.001871037483215
2.904321622848511
2.823040300607681
2.755361831188202
2.685085356235504
2.6177189528942106
2.5756061911582946
2.5225852906703947
2.4668825387954714
2.425548309087753
2.3883775234222413
2.3476297557353973
2.3050024569034577
2.2676906287670135
2.2494240373373033
2.2148659020662307
2.1874669283628463
2.1489872455596926
2.1331341832876207
2.1032554388046263
2.087485873699188
2.0613231301307677
2.04331131875515
2.021114757657051
1.9992571204900742
1.9821370780467986
1.9558362632989883
1.9516299843788147
1.924666890501976
1.9071132302284242
1.8863625705242157
1.8733790040016174
1.8657790660858153
1.8449776470661163
1.8309911966323853
1.8234563291072845
1.8234432190656662
1.7978568345308303
1.7807345241308212
1.7680176079273224
1.7523889273405076
1.7404180824756623
1.7310437113046646
1.7182930916547776
1.7082620233297348
1.6916550368070602
1.6929819971323012
1.6759601533412933
1.6749855935573579
1.6642381697893143
1.6451205044984818
1.6408882468938828
1.6333657503128052
1.6158717542886734
1.614966657757759
1.6170228630304337
1.596730214357376
1.591856014728546
1.5795644581317902
1.5686065137386322
1.5656033843755721
1.558381900191307
1.556513637304306
1.5471473067998887
1.533454105257988
1.5336294025182724
1.5323217183351516
1.521138596534729
1.508391734957695
1.5066244155168533
1.4984557658433915
1.4881450921297072
1.481048473715782
1.484043762087822
1.4735910981893539
1.4699850618839263
1.4631276965141295
1.4587987601757049
1.4591044068336487
1.4462865233421325
1.4470643162727357
1.4357162475585938
1.4312767833471298
1.4342126429080964
1.4214493781328201
1.415355584025383
1.4131395936012268
1.4047825545072556
1.408190456032753
1.3962506085634232
1.3963544547557831
1.3917491644620896
1.3852197140455247
1.3821201354265213
1.3725960582494736
1.3704026132822036
1.3614790558815002
1.3632001429796219
1.3624579340219498
1.3561403304338455
1.3529078781604766
1.351409712433815
1.3452835127711296
1.3372493654489517
1.3396334260702134
1.34034463763237
1.327350887656212
1.3244657963514328
1.316615942120552
1.315785762667656
1.3176436007022858
1.3117530077695847
1.3090748071670533
1.3083538860082626
1.305898854136467
1.3028849244117737
1.2975010961294173
1.29625306725502
1.294211494922638
1.2878637343645096
1.2787457630038261
1.2856838703155518
1.28318233191967
1.272919663786888
1.2719451680779457
1.2722400307655335
1.269428053498268
1.2630489468574524
1.2596865803003312
1.2655948862433433
1.2592502310872078
1.2543341398239136
1.254795713722706
1.2440272837877273
1.2448514848947525
1.242479157447815
1.2474420860409736
1.2422981575131415
1.233650866150856
1.2352445363998412
1.227876454591751
1.2254483953118325
1.226611788570881
1.2204790726304053
1.220916499197483
1.2192643284797668
1.2147805914282799
1.215034857392311
1.2138493418693543
1.2136896207928658
1.2070365369319915
1.2094187065958977
1.2064474672079086
1.2108900770545006
1.2046936959028245
1.2063050359487533
1.1963394537568093
1.196376445889473
1.1946872368454933
1.1969262540340424
1.1937812000513077
1.192707934975624
1.19006237834692
1.1810288324952125
1.1789418652653694
1.179217390716076
1.1780215173959732
1.175184604525566
1.1785862445831299
1.1735454872250557
1.1707651317119598
1.1665272191166878
1.1675840243697166
1.1711013227701188
1.171508939564228
1.1616043791174888
1.1594462841749191
1.1595859006047249
1.1633351981639861
1.159215970337391
1.1512718439102172
1.1510857239365577
1.152252884209156
1.1467705503106118
1.1434988737106324
1.1446764156222344
1.144072350859642
1.1449765771627427
1.1424787923693658
1.1395758613944054
1.1410180449485778
1.1391636252403259
1.1382133722305299
