6.942878112196922
5.374079540371895
4.188845135271549
3.5271328911185265
3.1420610547065735
2.902252145111561
2.75026398897171
2.607651464641094
2.501080460846424
2.4117576405406
2.340228632092476
2.28078306466341
2.2210453897714615
2.161806743592024
2.108503542840481
2.0722454115748405
2.0242271050810814
1.9774546772241592
1.9418213218450546
1.9164429530501366
1.8785234168171883
1.8415799401700497
1.8126879259943962
1.7765912488102913
1.7402528785169125
1.7048953138291836
1.6778534017503262
1.6546881385147572
1.6212338097393513
1.6034558340907097
1.5734204947948456
1.5456587187945843
1.5301444791257381
1.5055714286863804
1.4895288087427616
1.4666600860655308
1.4398739524185658
1.4176168255507946
1.40227185562253
1.3804874904453754
1.3607434071600437
1.3417788818478584
1.3248231634497643
1.3123852275311947
1.2944571264088154
1.2830022722482681
1.265181552618742
1.2481050118803978
1.2304460629820824
1.2179294228553772
1.2088945731520653
1.1858934611082077
1.1773373186588287
1.1645836420357227
1.1506705805659294
1.1353281177580357
1.1210775338113308
1.1111803986132145
1.0982579682022333
1.0863016694784164
1.074368130415678
1.0635636076331139
1.0547759216278791
1.0436420273035765
1.0349618643522263
1.0213197190314531
1.0091521758586168
1.0027181655168533
0.9949280023574829
0.9831235967576504
0.9691000916063786
0.9623466040939093
0.9583129659295082
0.9490281213074923
0.9469820447266102
0.9371872339397669
0.9269685316830873
0.9167074132710695
0.9074309878051281
0.89650759100914
0.8869438767433167
0.8749324176460505
0.8713070303201675
0.8676739651709795
0.8601757176220417
0.8620503935962915
0.8516094367951155
0.8414525967091322
0.8334167618304491
0.829929506406188
0.8141593150794506
0.8052289187908173
0.8013447877019644
0.8003191538155079
0.7895738575607538
0.7864572145044804
0.7799117583781481
0.7782816365361214
0.7666787188500166
0.7579919490963221
0.7543000169098377
0.7515191230922937
0.7430323604494333
0.745570844039321
0.7379219029098749
0.7296450361609459
0.726973844692111
0.7225387264043093
0.7162849679589272
0.7079715449362993
0.704177537932992
0.7031743954867125
0.6916543673723936
0.6889120452105999
0.6802282277494669
0.6773261204361916
0.6745432931929827
0.6676607076078653
0.6661842539906502
0.66584269143641
0.6521551385521889
0.6535500474274158
0.6496980302035809
0.641387197189033
0.6396125238388777
0.6429269891232252
0.6377263311296701
0.6240349356085062
0.6245210897177458
0.6199257839471102
0.6133791990578175
0.6091164117679
0.6109086312353611
0.6027519907802343
0.607772946357727
0.6144368145614862
0.5963745107874274
0.5903344331309199
0.5956417107954621
0.5874613039195538
0.5899402219802141
0.5839820597320795
0.5747561305761337
0.5738685531541705
0.5674466695636511
0.5678516011685133
0.5641255090013146
0.5657660309225321
0.561403033323586
0.5534029174596071
0.5466085504740477
0.5446285661309958
0.5414091739803553
0.5400009015575051
0.5403639310970902
0.5347517477348447
0.531574017368257
0.5273299096152186
0.5300749847665429
0.5261041792109609
0.522683254443109
0.5205430779606104
0.5196438599377871
0.5174006512388587
0.5186627116054296
0.5119857545942068
0.5086027160286903
0.5137101886793971
0.5078490106388927
0.5056166602298617
0.4997949907556176
0.4974216911941767
0.4967816723510623
0.4984816322103143
0.4916815357282758
0.49290274642407894
0.4897934151813388
0.48900130577385426
0.4832854028791189
0.47954062931239605
0.48448113538324833
0.47545354068279266
0.4774976233020425
0.4761846475303173
0.47001644410192966
0.4714846108108759
0.46775868255645037
0.47034650668501854
0.46395110338926315
0.46434728894382715
0.46350530721247196
0.457627734169364
0.45623565278947353
0.4598535178229213
0.45472207106649876
0.4536641985177994
0.45590694062411785
0.44782460760325193
0.4483832214027643
0.44369013980031013
