5.910267606377602
4.8050841093063354
4.224126987159252
3.7004974707961082
3.150927573442459
2.8858739510178566
2.7067217752337456
2.5384738072752953
2.4398340806365013
2.3559613674879074
2.301307573914528
2.2561046443879604
2.1930145993828773
2.149773947894573
2.112086832523346
2.0796937979757786
2.057568170130253
2.015693813562393
1.97776610404253
1.9547006860375404
1.9234010428190231
1.9003222323954105
1.876463670283556
1.8392300009727478
1.816224206238985
1.789092756807804
1.7718981765210629
1.7479659207165241
1.7205328680574894
1.705376673489809
1.6826542876660824
1.6625678166747093
1.6399082988500595
1.6285672411322594
1.6089958511292934
1.6067539975047112
1.5767610110342503
1.541698470711708
1.5301965400576591
1.5107586719095707
1.4939971938729286
1.486607600003481
1.4689437858760357
1.460488721728325
1.4426034986972809
1.441429503262043
1.4136578068137169
1.4041578844189644
1.4003845751285553
1.3824241422116756
1.3707109987735748
1.3626052998006344
1.3447659648954868
1.3459182903170586
1.3345420584082603
1.3243448846042156
1.2998293675482273
1.2839789502322674
1.2800093218684196
1.2871854938566685
1.2677747122943401
1.2480106055736542
1.2469908855855465
1.2463395409286022
1.231934241950512
1.2187911048531532
1.2104116156697273
1.1991586200892925
1.188844934105873
1.1809807866811752
1.1725734062492847
1.1675882935523987
1.1663178391754627
1.1569151766598225
1.146368470042944
1.1477192863821983
1.1273923236876726
1.1280342042446136
1.1119891926646233
1.1084853429347277
1.1096691600978374
1.0999525878578424
1.1003000494092703
1.0877956580370665
1.0786727480590343
1.0749826356768608
1.0591514185070992
1.0609641764312983
1.0526003167033195
1.0573306288570166
1.039437212049961
1.038227304816246
1.0222736168652773
1.0365166831761599
1.0219363868236542
1.009554896503687
1.0030128788203
1.0000919178128242
0.9981473870575428
0.9877869635820389
0.9795626662671566
0.9830801971256733
0.9833421893417835
0.9805296752601862
0.9660498090088367
0.9701265543699265
0.957805085927248
0.9441857505589724
0.9447964038699865
0.9492133427411318
0.9368824791163206
0.928381247445941
0.9287503529340029
0.927388409152627
0.9171981755644083
0.9218868426978588
0.9129271917045116
0.9092098660767078
0.8947428092360497
0.8911508452147245
0.8888160493224859
0.8785974886268377
0.8806974682956934
0.8718532901257277
0.8751637320965528
0.8718331288546324
0.8636192623525858
0.8598284013569355
0.8615697715431452
0.8647149428725243
0.8584075607359409
0.8682956248521805
0.849975323304534
0.8535730857402086
0.8439185842871666
0.831571239978075
0.8307550866156816
0.8355413526296616
0.8397279400378466
0.822449466213584
0.8235424626618624
0.8181615397334099
0.8198226056993008
0.8172241002321243
0.8076377119868994
0.8001808300614357
0.789796020835638
0.8006503991782665
0.8005730379372835
0.8031421601772308
0.7853065840899944
0.7744236309081316
0.7749454472213984
0.7727762293070555
0.7800455410033464
0.7762651909142733
0.7655038461089134
0.763862544670701
0.7597352024167776
0.767126802355051
0.762733643874526
0.7562440279871225
0.7445446699857712
0.7395472079515457
0.7386779487133026
0.7364232446998358
0.735068479552865
0.7346159871667624
0.7373928315937519
0.7302620243281126
0.7289436198771
0.7280137911438942
0.7233734745532274
0.7231813538819551
0.7259311862289906
0.733398325741291
0.7180820740759373
0.718489496037364
0.7248196061700583
0.7209027353674173
0.7090337257832289
0.7057643197476864
0.69727448746562
0.6910828128457069
0.686557998880744
0.6908188872039318
0.6954602189362049
0.6940480135381222
0.688848964869976
0.683148954063654
0.6879607103765011
0.6968254242092371
0.6792132426053286
0.6801131796091795
0.682454289868474
0.7024888377636671
0.6894144769757986
0.674664719030261
0.6706753633916378
0.6677335500717163
