6.115927755832672
5.0242966413497925
4.2840792536735535
3.7066251784563065
3.174133561551571
2.9536289647221565
2.786504700779915
2.661156378686428
2.5486146360635757
2.429757982492447
2.3446505069732666
2.2815251499414444
2.2307745553553104
2.171695824712515
2.1179595850408077
2.076598282903433
2.0377537608146667
2.0025684908032417
1.962855964899063
1.925693653523922
1.9063775837421417
1.892483551055193
1.846570510417223
1.8028806000947952
1.7868966311216354
1.7455626875162125
1.7141075804829597
1.6940036490559578
1.6721250303089619
1.641476083546877
1.616848036646843
1.6006650626659393
1.573902864009142
1.5533398985862732
1.5376559160649776
1.5153449140489101
1.4954845793545246
1.4939555525779724
1.4636001288890839
1.442586861550808
1.4213241934776306
1.4160105772316456
1.3935603275895119
1.374601572751999
1.3681922182440758
1.3566284365952015
1.3280728980898857
1.3196767009794712
1.304540503770113
1.286037091165781
1.2730913907289505
1.267817672342062
1.2583464160561562
1.240196816623211
1.229663036763668
1.2205946817994118
1.2126184962689877
1.1916032545268536
1.1901497393846512
1.1829981096088886
1.1647479571402073
1.1556692123413086
1.1501415856182575
1.1562103033065796
1.1533864010125399
1.11549698933959
1.0983187966048717
1.0983887612819672
1.0863222368061543
1.0823750626295805
1.0712751857936382
1.068596363067627
1.0507495868951082
1.0495041217654943
1.0521275382488966
1.0471107717603445
1.027621265500784
1.0153229236602783
1.0019456464797258
0.9920303355902433
0.9882698189467192
0.9787126928567886
0.9765244927257299
0.9732166640460491
0.9637356773018837
0.9557207059115171
0.9473985582590103
0.9421286806464195
0.9396571516990662
0.9288633372634649
0.936013039201498
0.9432536512613297
0.9091495238244534
0.9021454975008965
0.9002666007727385
0.9024658370763063
0.9086344055831432
0.8878735303878784
0.875426210463047
0.8685136921703815
0.8632858153432608
0.8579925801604986
0.8559259660542011
0.8431554976850748
0.8461573757231236
0.8420261275023222
0.8323419857770205
0.8264759350568056
0.8142575211822987
0.8177528325468302
0.8104311637580395
0.8110262509435415
0.8087126109749079
0.819380734115839
0.8000908493995667
0.7930958028882742
0.782263059169054
0.7792480085045099
0.772945137694478
0.7667280118912458
0.7650406155735254
0.7609641402959824
0.768269769847393
0.7565700244158506
0.7497353665530682
0.745681781321764
0.7423656638711691
0.7403173670172691
0.736248642206192
0.7361616473644972
0.724503718316555
0.7251511979848146
0.729423426091671
0.718015419319272
0.7153109554201365
0.7135833818465471
0.7053511701524258
0.6954570487141609
0.6907006539404392
0.6869001779705286
0.7014587502926588
0.6925673820078373
0.6793691627681255
0.6832813676446676
0.6828965581953526
0.6728336252272129
0.6698315497487783
0.6699419785290956
0.6615654807537794
0.6521035563200712
0.658006776124239
0.6599303185939789
0.6625981200486422
0.6699253618717194
0.6498622503131628
0.6408645939081907
0.6395579185336828
0.6397536247968674
0.64301847666502
0.6341416966170073
0.6218094006180763
0.6223296914249659
0.6187843028455973
0.6131880078464746
0.6121551413089037
0.6087900977581739
0.6139019969850779
0.6112088765949011
0.6103134956210852
0.6121994853019714
0.6043490599840879
0.599261000752449
0.5989642944186926
0.5928587913513184
0.5904134018346667
0.5865902584046125
0.5848545040935278
0.5971896834671497
0.5880137514322996
0.575338289141655
0.5796585716307163
0.577972462400794
0.5749431997537613
0.5658309850841761
0.5636076694354415
0.5692075975239277
0.5955790616571903
0.5752989947795868
0.5665797255933285
0.5639666924253106
0.5586768053472042
0.552807210944593
0.5464073829352856
0.546805227175355
0.5421141097322106
0.5446189884096384
0.5367711214348674
0.5402186075225472
0.5399187924340367
0.5390343843027949
