6.018695548176765
3.8838879838585854
3.452535182237625
3.080614723265171
2.493299514055252
2.2012392729520798
2.018813133239746
1.8787702023983002
1.7808432951569557
1.7128378935158253
1.6567730568349361
1.6036834307014942
1.5610986463725567
1.5192748196423054
1.4683741368353367
1.434438768774271
1.3954264931380749
1.3599526844918728
1.327815942466259
1.3032902218401432
1.2772808484733105
1.2535284906625748
1.23037426546216
1.1968414448201656
1.1747791320085526
1.1690870597958565
1.139209695160389
1.1153054423630238
1.1036010514944792
1.0872494634240866
1.0698520727455616
1.0433658324182034
1.028876356780529
1.0292120017111301
1.0042921546846628
0.9857971835881472
0.9690463598817587
0.96150085888803
0.9456554614007473
0.9409636780619621
0.9258801713585854
0.9122201018035412
0.9002504013478756
0.891664395108819
0.875654261559248
0.8646044135093689
0.8567820731550455
0.8516455888748169
0.8376666810363531
0.8262749798595905
0.8142566028982401
0.8117674607783556
0.8026773259043694
0.7924798727035522
0.7923335656523705
0.7889537196606398
0.7641390208154917
0.7543131820857525
0.7461682334542274
0.737749245017767
0.7342878859490156
0.7232683133333921
0.7175529170781374
0.7133159153163433
0.7089773267507553
0.6975742094218731
0.6838216800242662
0.6811612956225872
0.676561875268817
0.6662503853440285
0.6635393556207418
0.6575187165290117
0.6521577537059784
0.64673718996346
0.6363961361348629
0.6292373742908239
0.6200448852032423
0.6198774501681328
0.6141326203942299
0.6091052126139402
0.5991949290037155
0.5933056734502316
0.5862523950636387
0.5807853899896145
0.574967697262764
0.5711072497069836
0.5657241614535451
0.5574801973998547
0.5551130967214704
0.5544557124376297
0.5506479041650891
0.5440061464905739
0.5375483827665448
0.5370165649801493
0.5248375525698066
0.5189926605671644
0.5190795082598925
0.5144471758976579
0.5131595013663173
0.5044597182422876
0.49938112962991
0.4926245817914605
0.4892318183556199
0.4871118413284421
0.48980958200991154
0.47914988826960325
0.473565261811018
0.4760958570986986
0.4659993555396795
0.4578271936625242
0.4540270371362567
0.45843798015266657
0.4532399633899331
0.46518146991729736
0.44796535558998585
0.4450218267738819
0.44553246442228556
0.43342412635684013
0.43065663520246744
0.4265280207619071
0.4214721005409956
0.4158428246155381
0.410858697257936
0.41358673479408026
0.4101206259801984
0.41002342384308577
0.40694738645106554
0.4094649935141206
0.3967655347660184
0.39862089417874813
0.39651063457131386
0.390652964822948
0.3908209642395377
0.39173063170164824
0.38041772600263357
0.3763768672943115
0.37759991455823183
0.37289765384048223
0.364698369987309
0.36628305073827505
0.35986398719251156
0.35550806391984224
0.3552700551226735
0.3552997661754489
0.35941997449845076
0.35065502393990755
0.3654215754941106
0.3624116312712431
0.34857592545449734
0.3413843037560582
0.3354983199387789
0.3315328024327755
0.33336200192570686
0.332269168458879
0.3293895786628127
0.3223784249275923
0.321304377168417
0.3255952214822173
0.3207441810518503
0.3214837880805135
0.3227754319086671
0.31618214678019285
0.3072966318577528
0.310576967895031
0.3111260524019599
0.3079563770443201
0.30212653428316116
0.29722102358937263
0.2996262861415744
0.303243244998157
0.2972294189967215
0.2947055185213685
0.2932505337521434
0.2860269797965884
0.29235839657485485
0.30707554519176483
0.29816022142767906
0.29336625896394253
0.29578699357807636
0.28210578160360456
0.27314792666584253
0.27338947309181094
0.2742436593398452
0.26755794743075967
0.26431357907131314
0.26562795136123896
0.27144000120460987
0.27302958769723773
0.275455588940531
0.28135668858885765
0.2765698656439781
0.2718576076440513
0.26130312867462635
0.26027031103149056
0.25560851488262415
0.25467936135828495
0.24876656709238887
0.2457819301635027
0.24879053514450788
0.2534561944194138
