5.518567532300949
4.012978985905647
3.4775631800293922
2.9470130130648613
2.637285180389881
2.5109572410583496
2.400826908648014
2.2689551636576653
2.1437854059040546
2.0552115477621555
1.992407601326704
1.936062317341566
1.8984666652977467
1.8535675555467606
1.8116646371781826
1.7808332107961178
1.751023281365633
1.7228811457753181
1.6887117102742195
1.6671528443694115
1.6437375880777836
1.631724189966917
1.615489948540926
1.582745250314474
1.574234414845705
1.565041657537222
1.5444821119308472
1.520820315927267
1.5050564520061016
1.485604926943779
1.4773801304399967
1.4599202275276184
1.4464779905974865
1.4324486292898655
1.4191489405930042
1.409506805241108
1.4087393246591091
1.3836794011294842
1.3726040907204151
1.3567096702754498
1.3444239720702171
1.3339539244771004
1.3232827670872211
1.3152911178767681
1.3057863265275955
1.2950886525213718
1.286090474575758
1.2702605985105038
1.2573268935084343
1.2570465542376041
1.2470664381980896
1.2296564057469368
1.2244902178645134
1.2142420411109924
1.2079622857272625
1.2032076977193356
1.1894495710730553
1.1805289387702942
1.173393577337265
1.1638371795415878
1.1632959097623825
1.1543213352560997
1.1464311853051186
1.1356928162276745
1.1289635244756937
1.1247656103223562
1.1124335899949074
1.1137973926961422
1.104914279654622
1.097307126969099
1.0888707116246223
1.0864990931004286
1.0885369777679443
1.074628671631217
1.0633034314960241
1.0605524219572544
1.0596470795571804
1.0813861321657896
1.0618885569274426
1.046878769993782
1.0396279748529196
1.0292821377515793
1.026931595057249
1.0142658650875092
1.0109667144715786
1.0106882266700268
1.00093512237072
1.0002460647374392
0.9908323884010315
0.9940341785550117
0.9906948208808899
0.9997041318565607
0.9873453546315432
0.9761740285903215
0.9677411690354347
0.9641878753900528
0.9686299357563257
0.958394255489111
0.9590754378587008
0.9489045068621635
0.9446867406368256
0.9421061780303717
0.9439606722444296
0.9382332991808653
0.9289527107030153
0.9242101795971394
0.9201629683375359
0.919561855494976
0.9163931384682655
0.909932853654027
0.9077238589525223
0.9060002285987139
0.9004958476871252
0.8952750638127327
0.8929046168923378
0.8849180918186903
0.8957097195088863
0.8921716958284378
0.8810573890805244
0.8852693270891905
0.8876239452511072
0.8713264409452677
0.8731110151857138
0.8659970499575138
0.864151256158948
0.8650525622069836
0.8604378700256348
0.8521121498197317
0.8470074478536844
0.8496951758861542
0.8413442987948656
0.8430838473141193
0.8401393834501505
0.8379570972174406
0.8289520367980003
0.825389975681901
0.8299618065357208
0.8236476797610521
0.8228272758424282
0.818640012294054
0.8163042459636927
0.8345405422151089
0.8170127179473639
0.8087271600961685
0.8061583414673805
0.8002088982611895
0.8029448296874762
0.8078438565135002
0.8039230238646269
0.7963725626468658
0.793381629511714
0.7931614853441715
0.785451227799058
0.7824524138122797
0.7866950742900372
0.7905502989888191
0.7844346575438976
0.7777344528585672
0.7738785166293383
0.7710901629179716
0.7752708587795496
0.7768671587109566
0.776782538741827
0.7696402277797461
0.7621437814086676
0.7583562452346087
0.7619871236383915
0.7573868874460459
0.7559485305100679
0.7564119882881641
0.7515355367213488
0.7486939057707787
0.7472843956202269
0.743911124765873
0.7464425694197416
0.7556971926242113
0.7441690098494291
0.7352187968790531
0.734390152618289
0.734282348304987
0.7411746848374605
0.7291522044688463
0.7287785913795233
0.7265147883445024
0.7460378892719746
0.7423746660351753
0.7252021692693233
0.7208342719823122
0.7169257365167141
0.7207931745797396
0.7132894769310951
0.7196334060281515
0.7200371194630861
0.7102853357791901
0.708280723541975
0.7031632382422686
0.6982259061187506
0.6981955505907536
0.7014308255165815
0.7024414855986834
