6.167708143591881
4.306695945560932
3.217367596924305
2.7285587564110756
2.4757170379161835
2.2749774530529976
2.1337384693324566
2.012553796172142
1.9345684237778187
1.8479805141687393
1.7794477716088295
1.7272213585674763
1.6732162907719612
1.625520795583725
1.5855872929096222
1.5520277693867683
1.5114470086991787
1.4799350053071976
1.4395201802253723
1.4174883291125298
1.3827253431081772
1.360761757940054
1.3387993089854717
1.3089077845215797
1.2856587022542953
1.260138612240553
1.2425477243959904
1.2298927046358585
1.2023300267755985
1.1795674189925194
1.1581569463014603
1.1425212901085615
1.1277722753584385
1.1154574193060398
1.0919578410685062
1.0726879797875881
1.0586371906101704
1.0476029999554157
1.0283495616167784
1.0201614294201136
1.003706557676196
0.9887087214738131
0.9718359410762787
0.9596861936151981
0.9474391490221024
0.9346297197043896
0.923966346308589
0.9192677438259125
0.9181363079696894
0.8953524306416512
0.8836621027439833
0.8724961187690496
0.8613208848983049
0.8533863127231598
0.8413849361240864
0.8336523566395044
0.8225372079759836
0.815097663551569
0.8068365715444088
0.8011657260358334
0.7872973121702671
0.7835033405572176
0.7719227336347103
0.7592802923172712
0.7525025941431522
0.754172470420599
0.7415885142982006
0.7319590467959642
0.7236240711063147
0.7239374909549952
0.7152938526123762
0.6981752123683691
0.6941946893930435
0.6868479680269957
0.6776507496833801
0.6728186383843422
0.6685231290757656
0.6657555419951677
0.6598964035511017
0.6499951388686895
0.637627437710762
0.6298280507326126
0.6235392037779093
0.618079261854291
0.6154368706047535
0.6095460914075375
0.6013867203146219
0.5945765543729067
0.5877809077501297
0.5866097696125507
0.5872866585850716
0.5740674836561084
0.5719337109476328
0.5662437193095684
0.5540938368067145
0.5508060622960329
0.5430712318047881
0.5334038818255067
0.5393665479496121
0.5347851207479835
0.5274557359516621
0.5195591719821095
0.5124610494822264
0.5099795674905181
0.501709490083158
0.49618107825517654
0.4916822873055935
0.48841656651347876
0.47968615870922804
0.4802868962287903
0.47835361771285534
0.476520175114274
0.46895502880215645
0.46633340884000063
0.45854335743933916
0.45510191190987825
0.44508436787873507
0.44293601904064417
0.437181250192225
0.4367204662412405
0.43345898296684027
0.4245197447016835
0.41956751327961683
0.4163598529994488
0.41392932180315256
0.40499122813344
0.40378209110349417
0.40215514972805977
0.39800810907036066
0.39661744982004166
0.39215228985995054
0.3919046614319086
0.3828281760215759
0.3795213494449854
0.3793933866545558
0.3720741719007492
0.3761853417381644
0.38851653318852186
0.37113136798143387
0.36283652391284704
0.35154337529093027
0.34746179822832346
0.3446377208456397
0.34725965466350317
0.3457275629043579
0.3408662136644125
0.3394463201984763
0.3442552359774709
0.34253101143985987
0.33616199530661106
0.3317109802737832
0.3245433960109949
0.31777663715183735
0.314128702506423
0.3173295594751835
0.3176187155768275
0.3108506863936782
0.31493876967579126
0.3122240714728832
0.3145487131550908
0.30856040865182877
0.3095985259860754
0.3022966179996729
0.29447971656918526
0.2916866559535265
0.29456530697643757
0.2929422948509455
0.29359673894941807
0.2893852237612009
0.2935838373377919
0.2913648560643196
0.28367005567997694
0.27898386726155877
0.2766364421695471
0.28319104574620724
0.28263504803180695
0.28214662428945303
0.27052017394453287
0.2655978063121438
0.26841120747849345
0.26558048324659467
0.2617909233085811
0.26220509177073836
0.25293871806934476
0.2500121775083244
0.25099834613502026
0.2504665502347052
0.24584997724741697
0.2424940150231123
0.24269159836694598
0.2550104623660445
0.25510617159307003
0.2750167087651789
0.2587243225425482
0.24658702360466123
0.2411969993263483
0.23144088964909315
0.22718842327594757
0.23118089139461517
0.2288431073538959
