5.311335667967796
3.831987142562866
3.4649437218904495
3.087634988129139
2.5786359533667564
2.383182108402252
2.1803660467267036
1.9991806335747242
1.891087282449007
1.8147787302732468
1.7628056555986404
1.7090248093008995
1.6665516570210457
1.6363922879099846
1.5970428548753262
1.571258194744587
1.5373396389186382
1.5112852603197098
1.4817859046161175
1.4573141522705555
1.4275707826018333
1.3987618759274483
1.3806092478334904
1.3450519777834415
1.3207060806453228
1.3053778409957886
1.2767700664699078
1.251078236848116
1.2314719334244728
1.215599250048399
1.1923234052956104
1.1742065586149693
1.157862838357687
1.143355417996645
1.1259694248437881
1.1041581332683563
1.0939719062298536
1.0815015695989132
1.0674511566758156
1.055634031072259
1.0414121616631746
1.0302158799022436
1.018420547246933
1.0025042351335287
0.9905998483300209
0.9859917182475328
0.9767703525722027
0.9625090174376965
0.9535603523254395
0.9394596759229898
0.9284800998866558
0.9277179874479771
0.9129368513822556
0.900287177413702
0.8931320067495108
0.8899726122617722
0.877765728160739
0.8695053216069937
0.86406852863729
0.852089162915945
0.8473394997417927
0.8360984921455383
0.8312659468501806
0.8212198298424482
0.8123093023896217
0.8053559102118015
0.799454478546977
0.793341176584363
0.7844771891832352
0.7836908381432295
0.7762825097888708
0.7651519309729338
0.7631370797753334
0.7557421214878559
0.749368304386735
0.7479261178523302
0.7396890576928854
0.7358356434851885
0.7389736510813236
0.7350864317268133
0.7143324613571167
0.7178250681608915
0.7063921261578798
0.7107095345854759
0.6984618119895458
0.6864705067127943
0.6826745141297579
0.6821084432303905
0.6757658459246159
0.6665037870407104
0.6620736420154572
0.6594076361507177
0.6535351667553186
0.650916738435626
0.646607531234622
0.6486170459538698
0.6411357149481773
0.6373673062771559
0.6288423109799623
0.6213916391134262
0.6199389416724443
0.6216608062386513
0.6251976508647203
0.6221493985503912
0.604498378932476
0.6008765920996666
0.6036421302706003
0.599386053159833
0.5922624245285988
0.587622880935669
0.5818064538761973
0.5793124809861183
0.5781365018337965
0.5736002642661333
0.5635326262563467
0.5656175604090095
0.5654991995543242
0.5642811637371778
0.5584508758038282
0.5518585294485092
0.5538886617869139
0.551650159060955
0.5534152509644628
0.5456043090671301
0.5433321800082922
0.5376859689131379
0.5333386361598969
0.5256865425035357
0.5283781830221415
0.5376114482060075
0.5266538998112082
0.5212381072342396
0.5143355252221227
0.5136782005429268
0.507094050757587
0.5031120404601097
0.5015109740197659
0.4950835760682821
0.49487975519150496
0.5090445410460234
0.4960950631648302
0.4898375514894724
0.4953470304608345
0.4857094259932637
0.4812773987650871
0.4764038557186723
0.4737358717247844
0.47414265014231205
0.4710304867476225
0.46995094791054726
0.46836602222174406
0.47932453360408545
0.4665228119120002
0.4620491899549961
0.45926442090421915
0.45247898530215025
0.4543081000447273
0.4543907018378377
0.450832761824131
0.449924667365849
0.44393488485366106
0.4407297857105732
0.4348588399589062
0.4391638170927763
0.44008131325244904
0.43795042112469673
0.43699534982442856
0.4471579045057297
0.43971530068665743
0.4287564195692539
0.42251008842140436
0.42502124421298504
0.4433883195742965
0.4309766897931695
0.4174200836569071
0.4094267664477229
0.4102187529206276
0.4109830670058727
0.41215957421809435
0.4099870044738054
0.4105132510885596
0.40093129593878984
0.3970452807843685
0.3959012310951948
0.3961169011890888
0.40041217021644115
0.3982526622712612
0.4065349576994777
0.39348382502794266
0.38987826090306044
0.38408385775983334
0.3819936430081725
0.3819292467087507
0.3795280084013939
0.3830744354054332
0.3841454153880477
0.383378048427403
0.3868827326223254
0.38106544129550457
0.3819332914426923
