2.370900873262055
1.5279633857765975
1.308367446977265
1.1782444374901908
1.0927026400760729
1.0235234834709945
0.9694085646648796
0.9175841112526095
0.8720613010075627
0.8301524748607557
0.7946696894509452
0.760302485008629
0.7286032542890432
0.6974795589641649
0.6697060027901007
0.6460270319666181
0.6248006283020486
0.6005793727174097
0.5819831758129353
0.5678126594241785
0.5514105886829143
0.5358644745787796
0.522230668578829
0.508754165805116
0.4992619620293987
0.48695824194927606
0.4761634254942135
0.46453560761043006
0.45813728862879227
0.44993024322451375
0.443477493159625
0.43297923669523125
0.4257989344548206
0.4209032373768943
0.41403705915626215
0.40997146112578253
0.4004502821941765
0.3988965304530397
0.39229647213098956
0.3893999796740863
0.3832967535573609
0.38207470129947274
0.37391874230637845
0.37093525370773006
0.36633770794284587
0.3641122942068139
0.35838146173224156
0.3597938957263012
0.354401423371568
0.35271995018939584
0.3462583499295371
0.34523071135793415
0.34320099122670233
0.33925478397583475
0.3382706378187452
0.3322780233256671
0.3303306534582255
0.3279623512102633
0.3258795300308539
0.32297517803250525
0.3220851986383905
0.31885033602617224
0.31663400944398373
0.3174267368657248
0.3116149348263838
0.31116024292245203
0.3075744271886592
0.30512930027076174
0.30778720914101115
0.3032067214956089
0.30370460821657763
0.30193853366131684
0.2976526167927956
0.2995735839921601
0.2937470271271102
0.2976266210176507
0.29093947933644665
0.2912711032799312
0.28925612952028
0.2872880834097765
0.28548652773000754
0.286623784352322
0.2844341984208749
0.28355893054786996
0.281900286187931
0.2791941206065976
0.2787656678228962
0.27680112147817804
0.277651906195952
0.27570522196438846
0.2756403715026622
0.2721106324268847
0.27131698800593007
0.2705835425732087
0.2736373733501045
0.26799117661252314
0.2650480322691859
0.2671932741695521
0.26695963004413914
0.26409683744518125
0.2637421890180938
0.26386517523502817
0.2642656780627309
0.26294294163888815
0.25827361174992153
0.25732860443543415
0.2598926782608032
0.26021778200353896
0.25716501261506763
0.2570200545447213
0.2530837977419094
0.2521845512852377
0.25713133270643196
0.25298209074808625
0.2533011208991615
0.25116773028762973
0.2480404349005952
0.25070240424603835
0.24938451970110134
0.2474763589854143
0.24860157169857805
0.24730150924653424
0.2452616862496551
0.24560326526359635
0.24397593389968483
0.24314251456941877
0.24581335399832044
0.2409674063020823
0.24140670743523812
0.24302289017609188
0.23961293977134082
0.23723753264972142
0.24119694111298542
0.2398083203301138
0.2386133106995602
0.2396992707739071
0.23597928826906242
0.23704164028167723
0.23630308004058137
0.2355271964048853
0.2338639187569521
0.23340643765975017
0.2313371795172594
0.23331720816845797
0.23278195474828992
0.231877337973945
0.23017799744800646
0.2305635365904594
0.23332309218085542
0.23066705945803195
0.22951734345786426
0.22560726775198567
0.2296797330890383
0.23039631782745829
0.22610869444146448
0.22948574861701654
0.2267575091245223
0.22731123542299075
0.22675070379461562
0.2246095054003657
0.22201534296785083
0.22538139911330476
0.22452417380955755
0.22163100388585305
0.22201186205659593
0.22286535690025408
0.2234925069979259
0.22161340792568363
0.22043735360612673
0.22247355574247787
0.21947570960132443
0.22119130875383106
0.21918701304464924
0.21827673674846182
0.21661385176133136
0.2197678347023166
0.2181180805576091
0.21707288969536218
0.21720269146014232
0.21823730499160532
0.21463739050894368
0.21646744414251679
0.21511203975093607
0.21355200440299754
0.21408021085116327
0.21200418387140546
0.21320964201372497
0.21455816845504605
0.21385372554769322
0.2119508918450803
0.21339058024542673
0.21308300999962554
0.2101944856497706
0.21205418955306618
0.21114411420968113
0.21068175234356706
0.21052215835269616
0.20881875406722633
0.2095703607311054
0.2079618888850115
