2.3252905466118636
1.5683651641923555
1.361717000786139
1.2240561568007178
1.131490591594151
1.0538005371483006
0.9892809322902134
0.9320800207099136
0.8756703315948954
0.8250460605232083
0.7738553390210988
0.7285958472563296
0.6870929606106817
0.6513192853149102
0.618165144628408
0.5875598272498773
0.5614336530773008
0.5347820104384909
0.5127792758601052
0.4937701475863554
0.47310860777387814
0.4573619869290566
0.4435223567242525
0.42873082221770775
0.4153526019076912
0.4074923158908377
0.391696438010858
0.3841105981748931
0.3747207436026359
0.36450728421308554
0.3582959548551209
0.3474526210707061
0.3385140699999673
0.3336765794121489
0.3254658233146278
0.3191047732927361
0.31222649095009786
0.3051578523553148
0.301646575392509
0.29584688276660687
0.2899570192001304
0.28592607920267143
0.27927309712585136
0.2765079924646689
0.26984859771874486
0.2659499704837799
0.26068011759495247
0.2569481666599001
0.25283071672429847
0.251171505998592
0.2455254829659754
0.24233628681727817
0.24018738683389157
0.23811456627991734
0.2303258584470165
0.22874336723162203
0.2236814127892864
0.22499421390951896
0.22126723144735608
0.2180080021522483
0.21353282758167813
0.21067306928488674
0.2062831913330117
0.20567477570504558
0.201263897029721
0.19989192467563005
0.19693747874425382
0.1931647824389594
0.18889292952965717
0.1897391099102643
0.1891219024755517
0.18227167853287288
0.1776301034251038
0.1782980619644632
0.1778926926303883
0.1729405720623172
0.17131750145737007
0.17043299310061397
0.16661398480741346
0.1666355041520936
0.16004550913158727
0.1615776317156091
0.16498548376316927
0.15962754372431306
0.15677665174007416
0.1577547041129093
0.1500091570068379
0.15136648310082298
0.1489676865387936
0.14663545157836408
0.14787689289268183
0.14740625759776757
0.147514130935377
0.14492487645879085
0.14456245960021505
0.14387544527345775
0.1413472681325309
0.1387303149821807
0.13818423285776255
0.1369149677607478
0.13568072249086535
0.13904611422699326
0.13473529353433725
0.1315017021432215
0.13086060337266142
0.13295924219549918
0.13077690212094054
0.12838462284024882
0.13102185647098386
0.12710165548689512
0.12748992987433258
0.1309531045811517
0.12311691006227415
0.12557764530790094
0.12595817227752842
0.12311531460406828
0.12472252271005085
0.12086243437869208
0.12502928281925163
0.12203405700167831
0.12058566680976322
0.11967283323103067
0.11956656487012396
0.11939842518495054
0.11848829488973228
0.11825498470238277
0.11872501133047804
0.1155088881752929
0.11830785089001364
0.11531257343535521
0.11465459198367839
0.11587107327519632
0.115939326918855
0.11157653535507163
0.11321229037581658
0.11017317990867459
0.1085281500402762
0.11271839704440564
0.1078998905967693
0.11322762461341157
0.11024349277116814
0.11069189735821315
0.11096236599343164
0.10689539568764823
0.10740120064239113
0.10866845487331858
0.10606627744071338
0.10645608959757552
0.10429350298886396
0.10793626965308675
0.10394258283230723
0.10567107808833219
0.10534818224152741
0.10368978165242136
0.10159224019366868
0.1029208808833239
0.10363578422337162
0.10319999468569853
0.10104213360012794
0.10611425559131467
0.10148932815206294
0.09817393038954053
0.10073036736979776
0.1007583460333396
0.09884445533460501
0.09932563916152837
0.1010809809273603
0.09759225991307473
0.10196041032976033
0.09787665937019854
0.09652462951382812
0.09691128079988519
0.09714632271503916
0.09610602627603375
0.09765851844330223
0.09539072148653925
0.09434289251055036
0.09647300097407127
0.09701082235088154
0.09685783760280026
0.09262008809921693
0.09477183809693979
0.09533121032374246
0.09383458543796928
0.0936135116584447
0.09397812732020203
0.09355753946061036
0.09045596642761815
0.0928600218527171
0.0932306568841545
0.09041030260981346
0.09344403996151321
0.09133507685393703
0.09354352472083909
0.0904332346758064
0.09056908688983138
0.09024713720594134
0.09014836951177947
0.09082973207138023
0.08927340419316779
