7.585885213345898
4.387550689736191
3.365464728705737
2.8041315273362764
2.5156607335927537
2.323615830771777
2.1869834576334273
2.068010524827607
1.9743298304324248
1.8634543285077931
1.7636941428087196
1.6647711286739426
1.5765811277895558
1.4919974232206539
1.4270643287775469
1.3394552688209378
1.2850309196783571
1.227608629635402
1.1507614540810487
1.1026717661594858
1.047933203225233
1.0097597326551164
0.9549184350334868
0.9135034631709663
0.8755106664433772
0.8642843018989174
0.8112415938961263
0.7727941615240914
0.7538702792050888
0.720731330161192
0.6884129114296972
0.6627199485593912
0.6426587913717542
0.6519895907567472
0.6016172645043354
0.5755852369629607
0.5598118244385233
0.5422667079434103
0.5496434031092391
0.5105909139526134
0.498635931890838
0.4867991102593286
0.46990349706338375
0.4560270884207317
0.4450316106786533
0.5693499582762621
0.4211607821741883
0.4055218690512132
0.3958193568550811
0.3865716740184901
0.3810497920732109
0.37192170534815105
0.3666331497382145
0.3612034536746083
0.34978704762702084
0.34458290070903547
0.33283245928433475
0.3242509991538768
0.3163353955867339
0.5423629061908138
0.3217437510587731
0.2903583299140541
0.28364213677693384
0.278027850298249
0.27279267551339403
0.2671840838631805
0.2628404514826074
0.25706332861160747
0.2529916500254553
0.24762344101862033
0.2431651864733015
0.2390671369372582
0.2349977619489845
0.7588369195558586
0.262792456667034
0.22283682972192764
0.21218006328052405
0.20579518605859912
0.20038817625264732
0.19562276118263908
0.19139058097284667
0.1867999226158979
0.18282198525813162
0.180433489838425
0.17780172718422754
0.1773893243196059
0.17064400397393167
0.16412545406088538
0.28712798457364647
0.20855132657654432
0.15149809845856257
0.1461756202031155
0.1431454502198161
0.14016296456054766
0.137494081897395
0.1352652949186004
0.13197643758386982
0.1313286832704836
0.12951594842027644
0.12622008449873146
0.1231514645778403
0.12431112129469307
0.12317488669436805
0.11587505126181914
0.11327683971244462
0.111570163724982
0.2872274036766315
0.2638065568646606
0.10465081978817375
0.09671584151837291
0.09304211539577464
0.09034607293350357
0.08813606544720884
0.08662750161423975
0.08486294404280428
0.08466828317970646
0.08315636650944243
0.08131142553626275
0.079617048936839
0.08300351609989089
0.08127526307896692
0.07318281686427641
0.0729238112666169
0.07290061395995472
0.07388678816508273
0.07208344902919263
0.8761816791125706
0.21499099856128498
0.11600516341170486
0.09721954182094457
0.08810523251185612
0.08236770073370057
0.07806003352209014
0.07496023497411183
0.07227527669497899
0.06951421050696957
0.06780278120113879
0.06704265057888566
0.0644457290063099
0.06277176346249726
0.0634606246817477
0.06060899809306981
0.05896450286465032
0.057770287161883045
0.05787790311994601
0.054371903327350715
0.055103776064150185
0.055413259649459194
0.05191577799922349
0.051059454565449636
0.053822586769048046
0.601282758030052
0.07058171509784095
0.05420214093613381
0.048749689354884385
0.04558170545009934
0.04333217825968655
0.04179104911733647
0.0404519334207384
0.03958325384526837
0.03851339179186188
0.037313083262771975
0.037007637264929255
0.036237214292798726
0.03563686414640777
0.03539685311974311
0.03444752901108289
0.03438656284872975
0.03345497423896984
0.03319276329510066
0.032463646227759976
0.03251616059973532
0.03200518948083021
0.032098205798134515
0.76133947977226
0.1161179323585666
0.061830208389734735
0.05031687006050227
0.043861593975096334
0.03890215761351342
0.03469853080352958
0.03234095531230678
0.0306716171872555
0.029439651236242176
0.028998614136813854
0.027376604551563457
0.026902448442973653
0.02639201194123954
0.026288383431276496
0.025214752239384214
0.025054002978972027
0.02480085150395729
0.02293267068738232
0.024032242425090194
0.023391448873646404
0.022987236839015872
0.16928526238367267
0.23972438218794306
0.03164530440936891
0.02500233989284963
