3.610020483756552
2.399598947836428
2.2868979454040526
2.205057275538542
2.150637331787421
2.0972775921529654
2.0582065918007677
2.0297603286042505
1.9955459531472655
1.9739794517049984
1.9504089627947125
1.9301427135662157
1.8978798243464257
1.8753704606270303
1.8588021083753936
1.8340573437359868
1.8172923131864898
1.7977495329720634
1.7815131732395717
1.7611333647552803
1.7416364733053713
1.729556883111292
1.7143871823135688
1.6946190459387642
1.6809371982301984
1.6664098559593667
1.6550384808559806
1.6425587858472552
1.627088323417975
1.617492582846661
1.6056167680390028
1.5924176220991173
1.5836393692055526
1.5776846316395974
1.5664306090802562
1.5561773708888462
1.54953148948903
1.5383789865338073
1.5362949726532917
1.5261703111687486
1.5194658444852245
1.514976337977818
1.5068545579910277
1.4968056007307402
1.4943659256915658
1.4857212923011
1.4823085531896474
1.4753500301010756
1.4690268857138498
1.4615768773215159
1.454875797154952
1.4526435029749967
1.4519559607213857
1.4476802679957175
1.436960677711331
1.4343616621834892
1.4280037695047807
1.4268944083427897
1.4219880070005144
1.4208378675032636
1.4123367543123206
1.4096857489371786
1.4034586186311684
1.4035334655216762
1.398836924591843
1.393458648117221
1.3935305308322516
1.3939714465822493
1.3827482821990034
1.380396581669243
1.3776196538185588
1.3814986418704598
1.3750791904877644
1.3704189397850814
1.3661189916182537
1.3674602420962587
1.3632721608998823
1.3630388654008203
1.3575472315963433
1.3580763661131567
1.3546973627440784
1.350263473452354
1.346928250546358
1.342961436388444
1.3415285290503989
1.3462738406901458
1.3367592067134624
1.3346766544848072
1.329369060847224
1.333207250127987
1.331776311932778
1.3310976111159032
1.325942258445584
1.3248004066700838
1.318620401012654
1.320114931281732
1.3192355287318327
1.3156889093165496
1.3100039652415685
1.3113801888057164
1.3078135782358598
1.3071010127359508
1.3091484736423102
1.3055208468923762
1.3012482862083279
1.302546533273191
1.298781822652233
1.2950200114931378
1.2987128374527912
1.2945020198822021
1.289935674472731
1.2889442443847656
1.285077354372764
1.2835779997767234
1.2866148301533291
1.2863515308925084
1.2795161183999508
1.2791028134676874
1.2809432920144528
1.2771227019173759
1.2741779142496537
1.2726032534424139
1.2720770869936262
1.2729912485395158
1.2717891829354422
1.2716319419899764
1.266495915335052
1.2615057040234001
1.2678904173325518
1.2636737093633534
1.2605517139240188
1.2601933401458116
1.2540664809090751
1.2534397738320486
1.258686215536935
1.2586587487434855
1.253735030427271
1.246131715482595
1.2496314287185668
1.248362118370679
1.2454268260877959
1.245056159642278
1.2426706596296662
1.2436092756232437
1.2412533307562068
1.2392235303411678
1.239294670066055
1.2401087872836054
1.2377239285683146
1.2331795419965472
1.2307235834549883
1.233210369518825
1.231672055380685
1.2293948650360107
1.2280150875753286
1.2252185704756757
1.228430682785657
1.2257723535810199
1.2223970831656943
1.2179797561801209
1.2184482652313855
1.2241320537061107
1.2186311872638003
1.2167062900504289
1.2221931802983186
1.2180890088178673
1.2146316499126202
1.215209885519378
1.2126035052902844
1.205682853290013
1.2095142928921447
1.211093970220916
1.206560466727432
1.2083716426576887
1.2117582321166993
1.205921755518232
1.20440121524188
1.2053843868022063
1.2030601759346164
1.2047774139715701
1.2017263485460865
1.2037410449008552
1.2030527859318012
1.2007590999408644
1.1982683965138026
1.1960680557757009
1.1966398555405287
1.1937530454324217
1.1943292982724247
1.1946219775141502
1.1943481474506612
1.1892952821692642
1.1935555234247324
1.1912932629487953
1.1925404636227355
1.1939811108063678
1.1903549992308324
1.188379075575848
1.18566912388315
1.1838695652630864
