7.446403046043551
4.154725011514158
2.980138428357183
2.586518253598894
2.299281358718872
2.0899538142340526
1.9998469596006432
1.9260697340478703
1.88574125815411
1.81649949112717
1.7747790278220663
1.7267125480029049
1.6951145006685842
1.6568921755771249
1.6124130609084149
1.5613509611207612
1.5266381648122047
1.4728820056331402
1.435101005495811
1.4015606787739967
1.3647940085858714
1.3386081968035017
1.2890823203690198
1.2569463642276064
1.2203898575841163
1.186847954380269
1.161769555539501
1.1339787025840915
1.1028410780186555
1.0666936830598481
1.0515761789010496
1.0409022180401548
1.0002259149843333
0.990241568915698
0.9721392855352285
0.9506029961060505
0.9320382256897128
0.9135057719386354
0.8997064342304152
0.8742708478655133
0.8731257331614591
0.8505732940167797
0.8295255643980843
0.8303029610186207
0.8126318101980248
0.7936704207439812
0.7869671911609416
0.7708679753906873
0.7646520612191181
0.7602622983407001
0.7357779461510328
0.7371602727442371
0.7374998452712078
0.7082325998617678
0.6942701923603914
0.6994464567729405
0.6833019560697128
0.6800069431869351
0.6623946635090575
0.6557941899007681
0.650469992841993
0.6551995338225851
0.6338893831992636
0.6273551571125887
0.6266522115590621
0.6082443132692453
0.6015150218593831
0.5978335592211509
0.5934413543769291
0.5836966913573596
0.575486168569448
0.5694199879558719
0.5652101070297008
0.5619923070985444
0.5575759100670717
0.5452687807229101
0.5398927099850713
0.5325874424710566
0.5289652870625866
0.5318198806169082
0.5264538471796074
0.5123251962418459
0.5103556872630606
0.5052151229916787
0.5039172263777986
0.49025634721833833
0.48501591354000323
0.48373819857227557
0.48388827941855606
0.47200104655051717
0.4670881890520758
0.47129545892987934
0.4717151765920678
0.4551663404824782
0.4527227683943145
0.45398738676187944
0.44257871168000357
0.4389534039156778
0.44235827119982973
0.439720449398975
0.4376735145948371
0.4287425918238504
0.43374314174360157
0.4286600108049354
0.4174919481180152
0.4232682610044674
0.4122236048688694
0.4114371763200176
0.41178705132737453
0.41473635787866553
0.40599662795358776
0.40319909672347864
0.39947759010353867
0.39506872028720624
0.3994215069984903
0.3926209381648472
0.385275554292056
0.391442143187231
0.38327484653920546
0.3891510811387276
0.38316912067179776
0.38616520470502425
0.3800404187367887
0.3745036289399984
0.3733311222524059
0.3741976424139373
0.3683973094638513
0.36328103773447934
0.3652442432179743
0.3625244364446523
0.366952650401057
0.36048133701694257
0.36529213980752595
0.35452261050136724
0.3542140448579983
0.3557794416437344
0.3513645000603734
0.35240285493889634
0.35167509378219136
0.35326921939849854
0.34635257477663
0.34454271866350755
0.3448202591769549
0.34154892089415567
0.33601250636334323
0.33838159879859614
0.3411541331787499
0.3394343688779948
0.339609861982112
0.3308854592697961
0.3301831806192593
0.3334411540809943
0.3319140386824705
0.325578051562212
0.33056354096957613
0.32453301822652625
0.32210113868421436
0.32413079878505396
0.3266811206632731
0.323313834107652
0.32304341148357
0.32024367123234027
0.31902257946072793
0.3179285888160978
0.31757778294232425
0.3219230923117424
0.3169863680187537
0.31724664234385197
0.31532587810438506
0.3115036551441465
0.3117764802003393
0.3114301610966118
0.31027500209759695
0.3098609258933943
0.3249232580467146
0.31994996326310293
0.30975032004774833
0.3090030380657741
0.30301154572136546
0.3025048521100258
0.30378006489909426
0.30642734680856976
0.3027719584654789
0.30878535582094774
0.30518815590410814
0.3048268246407412
0.3005162824173363
0.30142413079738617
0.296818202247425
0.2993508799343693
0.2975040473500077
0.29658833936769136
0.31395700665152804
0.2988683423217462
0.29335827851782037
0.2937848832534284
0.2947841478245599
0.29367463594796706
0.29260140353319597
0.29239994409132974
