2.2289630544428922
1.339795065473537
1.095964414063765
0.9097559771367482
0.7843336166775956
0.7013868878082353
0.637933998387687
0.5908340011628307
0.5538040054391842
0.5229390861124409
0.4967314770331188
0.4746644875224756
0.45479988103010216
0.4389240021304208
0.42197170467401035
0.4158789620107534
0.3935350624274234
0.38065951542586696
0.3678714902729404
0.35612264388069814
0.3452395386537727
0.3353574579771684
0.32706938496961885
0.3170688062450107
0.3106533578920121
0.30328245190333347
0.3188746102914518
0.2940685218542206
0.2835300037903445
0.2825700739968796
0.27691744489937414
0.2755645277700862
0.26725580848905506
0.266518303098119
0.2612056341250332
0.25457786484336364
0.2700602430774241
0.248303478925812
0.24492046916667295
0.24192014436940756
0.2418568311601269
0.23873915432059034
0.23410556614398956
0.23316328647185344
0.22957096250385653
0.23418618674789157
0.22806383827511145
0.2234789424860964
0.22180587246405836
0.2367757517920465
0.21556388524417974
0.21590023554709492
0.22163567108159163
0.20989960471586305
0.21204343407737966
0.21658444682858427
0.20679949392773667
0.20609206090472182
0.206060427777013
0.20474390200510317
0.2018635075007166
0.20975349321961403
0.2007113352722051
0.19878803902134604
0.19945199221980814
0.19689281786582907
0.1980527470458527
0.1937911788115696
0.1946879550966681
0.19761235511728695
0.192108657423939
0.19193311163357327
0.19178531057372386
0.19000522977843576
0.1908798169876848
0.18953202857959028
0.18890708358008035
0.19620884830246166
0.1876163136442097
0.18679517688495773
0.18639165483871284
0.1865000933104632
0.18494752440221457
0.18789987744269324
0.1828843903024586
0.18617312642840705
0.1814421099135462
0.1804012856389187
0.18131204072614104
0.18030431402124922
0.1808267098300311
0.18106141110920176
0.17622127980754085
0.18648679760493794
0.17682564041140128
0.1765564692415753
0.1756888697798155
0.17506830999437645
0.17540489284663785
0.20896655473934145
0.16898075955710848
0.17278348159577164
0.17519818255487754
0.17094912602737242
0.17068418188362705
0.1719644471774904
0.1727158718343292
0.16898727661036717
0.1695761437318763
0.16810179889506224
0.1710912441796794
0.16805086056036608
0.17082644931363816
0.16510075913856223
0.16942709110373136
0.16655771971053007
0.1650912516123178
0.16610679155861846
0.16421980360636906
0.16917772866329367
0.16406305565365722
0.1638907574649368
0.16315716689034385
0.16187163969996024
0.1631364293852631
0.16716614159546336
0.16043211255146533
0.16084733058755496
0.16034663604686455
0.16182634851001965
0.16517864224710027
0.15764551771690652
0.1586385530552694
0.1585640472416975
0.15763294065789302
0.1602490814516739
0.15795866441057652
0.15692662101771152
0.15645501850058838
0.15928747190960815
0.15445839415247342
0.15743859260514073
0.1551879065453398
0.15688181445002555
0.15843316670887325
0.1549010107483791
0.1546062197764309
0.15844456117068018
0.15201002521326348
0.15392414795196785
0.15829111853880543
0.15288566351697153
0.1538802800586029
0.15252034154777624
0.15439072788826058
0.15199029101248906
0.15680259651675515
0.1647398813494614
0.15100742899337594
0.15382235986845835
0.1528920161176701
0.15514097737566548
0.1510001461572793
0.1649315698034301
0.14858639718470526
0.14898201586792664
0.15202756365951225
0.1517663404497565
0.1534031536126015
0.15145413651302153
0.14994524178304233
0.155602083362791
0.14839929003192454
0.1512963888976647
0.14876127496969943
0.15183589033478376
0.150185988843441
0.15040122332165437
0.15015254228242805
0.14773028613049158
0.15101213886269502
0.1497792029715314
0.1489235295020804
0.14903103445409513
0.14710186833173644
0.1487228573280938
0.1473103195352822
0.14854271208905445
0.1480341858097485
0.14876016533496428
0.1467521478098874
0.1486295868015411
0.14826337359085376
0.14667935106067026
0.15064543649858358
0.14928616888212914
0.14798917235920625
0.1475795222104204
0.146916244270242
0.14902270918293875
