9.283623059590658
8.279031753540039
7.545284112294515
7.0303404331207275
6.285061836242676
5.437196969985962
4.880163908004761
4.493555068969727
4.157060623168945
3.9370495478312173
3.7440819342931113
3.6287229855855307
3.5286091566085815
3.405418117841085
3.2208217779795327
2.92050572236379
2.667286197344462
2.498685916264852
2.3390798966089883
2.2237682342529297
2.1494287848472595
2.080495317776998
2.016197144985199
1.9512954751650493
1.8750192523002625
1.8263941605885823
1.7871455351511638
1.7027514576911926
1.6364482839902241
1.5805106957753499
1.5271095832188923
1.4765154321988423
1.4432992736498516
1.4029110272725422
1.3651086886723836
1.3418222268422444
1.302219271659851
1.269426941871643
1.2592110832532246
1.2335814038912456
1.2041876316070557
1.1587624748547871
1.148164411385854
1.1380924185117085
1.1066234310468037
1.0858135620752971
1.0743792653083801
1.0558737814426422
1.033208469549815
1.011058469613393
1.0075781345367432
0.9834955732027689
0.9711939791838328
0.9490552345911661
0.9318512082099915
0.9163094460964203
0.8991926610469818
0.8964439034461975
0.878623386224111
0.8543622692426046
0.8403535981973013
0.8280361195405325
0.8206225236256918
0.7971929609775543
0.8019363681475321
0.8008140921592712
0.8007720013459524
0.7655167380968729
0.7562321921189626
0.7434101402759552
0.734960675239563
0.7364823818206787
0.7220596075057983
0.7176734209060669
0.7146244843800863
0.7194506327311198
0.7058585484822592
0.6705298125743866
0.6607106526692709
0.6544081966082255
0.6428209543228149
0.6410543521245321
0.6432293256123861
0.6382893621921539
0.619917094707489
0.6192649006843567
0.6021224657694498
0.6100298265616099
0.6048619747161865
0.6091928780078888
0.593502014875412
0.5931045512358347
0.5920746326446533
0.5783492724100748
0.5683593153953552
0.5617993573347727
0.5567341347535452
0.5612269739309946
0.5493155817190806
0.5561534861723582
0.5367327332496643
0.5254428883393606
0.5287637611230215
0.520961989959081
0.5148917486270269
0.5098780045906702
0.5053099542856216
0.5036826729774475
0.514156331618627
0.5079905440409979
0.4924441973368327
0.48378825684388477
0.46871643761793774
0.4582795848449071
0.47343745330969494
0.4716193328301112
0.4664581169684728
0.45646581053733826
0.44405309359232586
0.4447632779677709
0.43647584319114685
0.4287820061047872
0.43217576543490094
0.42491282025973004
0.42730460067590076
0.44259458283583325
0.4237983177105586
0.42960207164287567
0.42999522387981415
0.4363233794768651
0.4265167713165283
0.41417478521664935
0.4207053432861964
0.41199947396914166
0.40327659746011096
0.4005507379770279
0.3966555843750636
0.3969067633152008
0.3958699454863866
0.3934975564479828
0.3901810397704442
0.39226414263248444
0.38680776953697205
0.3879956901073456
0.40105461577574414
0.3853637824455897
0.3697192966938019
0.3724438150723775
0.37226929763952893
0.36084050436814624
0.3703823735316594
0.38471191624800366
0.3829195598761241
0.37031179169813794
0.36262523134549457
0.3648553391297658
0.3526717573404312
0.35144759217898053
0.3445725589990616
0.3349685271581014
0.33329757302999496
0.33093227942784625
0.3284638325373332
0.3304843008518219
0.32318057616551715
0.3278418183326721
0.32222765187422436
0.32744234303633374
0.3153303215901057
0.3147917538881302
0.3158599038918813
0.3219791253407796
0.32067740460236865
0.31824703017870587
0.31847650309403736
0.32142878075440723
0.31349993745485943
0.31397388875484467
0.3163240949312846
0.31736906866232556
0.31946273644765216
0.3169028361638387
0.30824851989746094
0.30293039480845135
0.31672019759813946
0.31672661503156024
0.30607793231805164
0.3095192660888036
0.30109406510988873
0.29589184870322544
0.2954520086447398
0.2905608316262563
0.2971589118242264
0.2953531394402186
0.29745183885097504
0.29556016623973846
0.300115870932738
0.2965371037522952
0.28700271745522815
0.2852233002583186
