2.6368939526227058
1.5291580458076632
1.2960302041501415
1.1529999840016267
1.0515150055593374
0.9729460687053447
0.9076159448039774
0.8489485650646443
0.7963238905887214
0.7441277246085964
0.6989634092973203
0.6596828319588486
0.6218686512538365
0.5914454730189577
0.5603915516211062
0.5379844547534476
0.5164430669375828
0.4984545950986901
0.48314508430811826
0.46633773020335606
0.45458068798999396
0.4416426382502731
0.4327815155593716
0.4210750973954493
0.4126458270209176
0.404008060815383
0.3946284451046769
0.38706568370060046
0.3814873797552926
0.3729092802320208
0.3667076523206672
0.360850427588638
0.3576255789824894
0.35011000548090254
0.34655799829230016
0.3384889625773138
0.3368140485821938
0.3321493319102696
0.32490984091953357
0.3237985795857955
0.3194841274193355
0.3151990317568487
0.31354268771045063
0.3077372557654673
0.3054012400155165
0.3014645150729588
0.2984364999192102
0.2975240990823629
0.2945733241280731
0.29082272569743955
0.2864068812253524
0.2833802322952115
0.28299395296038415
0.27792924107337486
0.2768081131638313
0.2761312430002251
0.27160587225641525
0.26893060779084965
0.26745516554433474
0.26667867783381016
0.2629449992155542
0.25991397420970763
0.25911903831423544
0.2574363422637083
0.25798417208146074
0.25719473258573183
0.25268541112238047
0.25086257743592166
0.2480740527109224
0.24585165679454804
0.24650403169953095
0.24326978155544826
0.2438669208361178
0.24490499253175696
0.23808134988862642
0.23846501714112808
0.23696583479034658
0.23404658941590056
0.2334286095536485
0.23068220268706885
0.23171549925998766
0.23112889674245093
0.22811829733605288
0.22779962061619272
0.2274179097949242
0.22363512686320713
0.22346400004260394
0.22279685571485636
0.22243500333659502
0.2194702363744074
0.2176855281907685
0.21791375230769722
0.21788016533365054
0.2165848432146773
0.2134666514031741
0.2144330365925419
0.21215925015965287
0.21336477812455626
0.20912189252522526
0.20967572307100102
0.2092982304947717
0.20960287530811467
0.20805558446718722
0.20479708380845127
0.20488240530296248
0.20469102920318136
0.20342479670534327
0.20368235141647106
0.20406587415811966
0.20031242954487705
0.20054373284991905
0.20172201169996845
0.19820756188460759
0.20001015644900652
0.1953809138463468
0.19582939944705186
0.19638988777082794
0.19523366063225026
0.19417584422899753
0.1931592228461285
0.19085494796840513
0.18912646867791
0.19135595487088572
0.190096292751176
0.1901584333911234
0.190112987464788
0.18819753022826446
0.18483123292728346
0.18628058652488552
0.18612282045033512
0.1829651698774221
0.18666575344241396
0.18286655593891532
0.1830342803074389
0.18256842706884657
0.18253591839148073
0.18122852785246713
0.1811965328090045
0.17785194406704027
0.17934547364711761
0.17743583315489245
0.17665609060501566
0.1760357685235082
0.17679543489096117
0.174288386957986
0.17244480185362757
0.174334809731464
0.17091843096577392
0.1745490845368833
0.17220654712647807
0.17105359015416127
0.16903257741003622
0.1688374769322726
0.1671582432425752
0.16719399137156352
0.1661096139829986
0.1680745520153824
0.16599786080876175
0.16543341497985684
0.16794311829975672
0.16404887577708888
0.16283636731760842
0.15995955731795758
0.1603765511999325
0.16117571409867734
0.1617130382936828
0.1607048566852297
0.15871966435593002
0.15893768485711546
0.15784367620944978
0.15592972180064843
0.1577610496355563
0.1572461880591451
0.15479210344504338
0.15377874620714965
0.15346787915546067
0.15837011069667584
0.15413147773669691
0.15147842354312235
0.15265115532948045
0.15115439709351988
0.152809464414509
0.1491595496632615
0.15126848844241123
0.15214132447631992
0.14926154096515812
0.14832172041036645
0.15059988240198213
0.14943690430753084
0.14870617672496914
0.14642833516914017
0.1471933407138805
0.1464685255471541
0.1468630704952746
0.14546474029823225
0.1465015014823602
0.14816825502381034
0.14377933573357912
0.1439613563673837
0.14295873845718346
