3.066842427545664
2.209255632089109
2.0774246162297776
1.9793690408979143
1.9017014221269257
1.8331574780600413
1.7660918148196474
1.7094214288555847
1.654888483456203
1.6065747713556096
1.571833296697967
1.5340522264947696
1.5017873287200927
1.4751979360775072
1.4493888674950113
1.4280613096392885
1.4069469996861048
1.3862048348601983
1.370273605171515
1.3516126627824745
1.332236876779673
1.3207950776937056
1.3082594127071148
1.2932480189265037
1.2792535567770198
1.2673015302541304
1.2545874809732243
1.2439965515720601
1.234588394846235
1.2263952128741207
1.2167376732339665
1.2059997052562481
1.19907405814346
1.1917123176613633
1.183602961715387
1.1773282832028915
1.1705785298834042
1.1646069361239064
1.1599090493455224
1.1517966555089367
1.1472275276573336
1.141489015063461
1.1339575154440744
1.1279562101072194
1.1240583624158587
1.1199945805024127
1.1149919089005917
1.109605781642758
1.1027234364529046
1.1008528191216138
1.0941152472885287
1.0930860782156184
1.0875697873076615
1.0861413775658122
1.0790942338048195
1.0759597678573765
1.0726053668528186
1.0718198435647146
1.0632415082989908
1.0612920242912915
1.0598720951956146
1.0539804463483848
1.049751238190398
1.0495773892013394
1.0440891567541628
1.0405021752629962
1.0404049749277076
1.0388093366914866
1.0318077924300213
1.0309491916578644
1.0274701685321574
1.0268020642047027
1.0202294069893507
1.0171122319844303
1.0164625094861401
1.0118209602881452
1.0090400853935553
1.0039686640914605
1.0043602940987568
1.003961764063154
1.0001297267115845
0.9987629121663619
0.9949127554893493
0.9945710639564358
0.989783416962137
0.9882362796335804
0.9847118689089406
0.9833168241442466
0.9809284545937363
0.9806061661973291
0.9794002433212436
0.9770110940446659
0.9743045371405933
0.9725506950397881
0.9694224814979397
0.9671389959296401
0.9635612492658654
0.9644042611122131
0.9632368199679316
0.9621052435466222
0.9604175102954008
0.9565961526364696
0.9572991619304735
0.9522219020493177
0.9533677792062565
0.9507558131704525
0.9498793803915686
0.9458686923494144
0.9472695968589004
0.9457125452100014
0.9432977520689673
0.94398882753995
0.9418529761080839
0.9418348100720619
0.9386747328602538
0.9409161852330578
0.9371714572517239
0.9329675066227816
0.9352533012020344
0.9327708365965862
0.9276987440732061
0.9311298387391227
0.9286032275277741
0.9259798740854068
0.9281716290785342
0.9275556294285521
0.9233751491624482
0.9203891430582319
0.9198932523630103
0.9172980400980736
0.9190870666990475
0.9183398842811584
0.9156215602037858
0.9166969549899199
0.9135777624285951
0.9189520604756414
0.9098564391233483
0.9109035596555594
0.908551511229301
0.9103635454664425
0.9067243147869499
0.9082767296810539
0.910153578738777
0.9055427585329329
0.9034577165331159
0.9064928446497236
0.9031833023441082
0.9031824435506548
0.9037140230743252
0.900759915673003
0.8974426133292062
0.9007052669719774
0.89629263099359
0.8990486731334608
0.8983217784336635
0.894283000790343
0.8964138167245047
0.8959017322987927
0.8934265895765655
0.8921386789302437
0.8913375032191374
0.8926016029046506
0.888892426052872
0.8874844925744193
0.8887614094481177
0.888722294933942
0.8872202179869827
0.8869333145569782
0.888325854466886
0.8835639973076023
0.8842976905861679
0.8841561336906589
0.8818661787072006
0.8833280446578046
0.8851277302722542
0.8772855588368007
0.8819313428839859
0.8789173230832937
0.8818178772926331
0.8802854156007572
0.8789300835862451
0.8780414442626797
0.8756935654854288
0.8750613696721136
0.8779414120985537
0.8756892980361471
0.8755705385792012
0.8733072657974399
0.8729808933880865
0.8742072686857106
0.8723474777474696
0.8710738542128582
0.8688293459464093
0.8692599525257033
0.8713185582842146
0.8712151653912603
0.8699686004191028
0.8670597553253174
0.8669540869946383
0.865867358324479
