3.5449221164596323
2.599878711663947
2.3405978126185283
2.1541169974572805
2.0172658250952256
1.918611614071593
1.8445761363421167
1.774953909826522
1.7234924397602374
1.6752953976392746
1.6312854489197537
1.593430032991633
1.5546604016301584
1.5248496575014931
1.4892839276973082
1.4607770151021529
1.4348641057707825
1.4140370850052153
1.3870085489993194
1.3663313096883345
1.3482223476986497
1.332128866594665
1.3139638272779328
1.2980011785212828
1.2843174849237715
1.2685755425874068
1.2581763904617758
1.2410736933958775
1.232248724115138
1.2203745539395177
1.2075489396799584
1.200403068670813
1.1888397066112684
1.1820113985057996
1.1726811941789121
1.1633078446041565
1.1553705247233108
1.1491356772579708
1.1406274162689034
1.1338285142365767
1.1278486729276425
1.118460759368478
1.1121124072494555
1.1075884825264921
1.1024646296793101
1.0939588863022474
1.087752163030055
1.0857002299507053
1.0797904067653783
1.07477921087827
1.0670276481126035
1.0626227043721141
1.0583421711106689
1.04990519796099
1.0455652463953107
1.0421791890141916
1.0375001649467313
1.0327490960456887
1.0282183497079782
1.0225166759016562
1.0193776985516354
1.0134124080745541
1.0108147083344508
1.0069602163774627
1.0033307908749094
0.9994333961940541
0.9962494992175881
0.9927965132709669
0.9911870015214901
0.9880785593877033
0.9845388248866919
0.9811997187076783
0.9776269244600315
0.97590485154366
0.9742560634503559
0.970419100808854
0.9691493597109707
0.9675245053153865
0.9644986420717775
0.963645338784067
0.9589504443717246
0.9586941152050787
0.9571982107448335
0.9526955691375294
0.9483060934865961
0.948591278751894
0.946565967509333
0.9468753112822162
0.9415359072083113
0.941105459493642
0.939245018195741
0.9360995943448982
0.936450541323545
0.9359089746615108
0.9311877527103132
0.9296930128974574
0.9308204143023004
0.9258597647505147
0.9259182099937177
0.9253879636526108
0.923900911242378
0.9223237363051395
0.9210065175227973
0.9204593816277932
0.917502402727093
0.9158116455132864
0.9138764696461814
0.9136022453253366
0.9127309948053896
0.9115764481984839
0.9077885765202192
0.9078793195741517
0.9076964280435017
0.90586281940341
0.9046806894546869
0.9030700389828
0.9017420391343078
0.9016469552808878
0.9016120225495222
0.8991180113991912
0.8972521610558033
0.8963523839353299
0.8953258483385553
0.8967508156688846
0.894376567279806
0.8909229872634217
0.8936234267086399
0.8926502051858269
0.8907024324396435
0.889375771490895
0.8898228628142756
0.8863791542849979
0.8870456997989392
0.883999766515834
0.885831778222809
0.8828144178402667
0.8836647366382637
0.8818720427854937
0.8806426499267014
0.8811310208117475
0.8782591071664071
0.8774777956458987
0.8798913088988285
0.8766649187523492
0.8771965712004778
0.8757675084836629
0.875333240141674
0.8731091214838077
0.8742017877497235
0.8718109187879124
0.8700076261801379
0.8724643134949158
0.8732384437200974
0.8712086575675984
0.8690373214836024
0.8678459158661415
0.8680090546151813
0.8692598033468334
0.8663481637379344
0.8660010237778936
0.8647721778525381
0.8655840147058574
0.8636205191819035
0.8643966542975027
0.8644473317022227
0.8616945406764137
0.8621053425024967
0.8597477462370785
0.8595439763549639
0.8602726121185994
0.8592416611405052
0.85848624517723
0.860241277789583
0.8589348526937621
0.8561544729282662
0.8560546203991588
0.8549452487151233
0.8555141428903658
0.8553241071652393
0.8544210898024696
0.854989865376633
0.8528221150746151
0.8521276210643807
0.8503424868139685
0.8532074174406578
0.8524685616852069
0.8492881437497479
0.8516195974483782
0.8502015333850773
0.8488759615895699
0.8485339935488847
0.8498733554567609
0.8482281149802159
0.8474142372760237
0.8474019182731911
0.8464182954357595
0.8462194036312249
0.846548969572296
0.8443487710034361
0.8462542526575983
