2.6339730262756347
1.739243342925091
1.5448763039647317
1.4082367035807395
1.3075214994196989
1.2295078530603525
1.1611008829000045
1.097514705998557
1.0411354763167244
0.9922745274037731
0.9516863309607214
0.9148168595469728
0.8812930846700863
0.8555885796644249
0.8310507032336021
0.8070108618055071
0.7878852795581428
0.7679438505853925
0.7466886953431733
0.7313318906998147
0.7178303716134052
0.6997363825233616
0.6854845348669558
0.6727730935933639
0.6603357378317385
0.649510434209084
0.6398739286831447
0.6300216560461083
0.6217532469301807
0.6151260422200573
0.6066035567497721
0.6006554136470873
0.5921176027278511
0.5858730262639571
0.5794882943435591
0.5725116190861682
0.5686969292407134
0.5654043916536837
0.5571051388370748
0.5527753972277349
0.5494312383690659
0.5433947200677833
0.5412588298320771
0.5366725394920427
0.5327911879335131
0.5298255548185232
0.5255203542660694
0.5221927742568814
0.5185039905869231
0.514206361892272
0.5115956654354018
0.5099098345454858
0.5057511586315778
0.5042086601257324
0.4991747977782269
0.4976953024766883
0.4948293088650217
0.4919586362887402
0.4875920818776501
0.48763798560414995
0.4839281314489793
0.4819243564897654
0.478747245730186
0.4783644699320501
0.4756841556150086
0.4731152113603086
0.4709483233033394
0.4675698428737874
0.4672488525205729
0.46701246950091146
0.46264722371587946
0.46068091064083333
0.46020645474901006
0.45798910892739586
0.4580929259864651
0.45653363016186926
0.45258365833029457
0.45336414478263076
0.4503841342974682
0.4482237787879243
0.4462344408035278
0.44692205665062884
0.4438051465822726
0.4437666681348061
0.44173542772020613
0.4395617924174484
0.4391879548831862
0.44101616484778267
0.43708096827779497
0.4373531547127938
0.4327406671582436
0.43341754796553633
0.4293922093449807
0.43017888312437097
0.42924883998170194
0.4293694817290014
0.4283162496527847
0.42647839273725235
0.42562739544985245
0.42266066706910427
0.4223628739921414
0.4223307829730365
0.4205072552573924
0.41874521240896106
0.41905124905158064
0.4189547273577476
0.4176252689896798
0.4166409150678284
0.41503600040260624
0.4137090591751799
0.41432598695463063
0.4122611573764256
0.41036701798439024
0.41055812993828134
0.41049525749926663
0.40852900208259113
0.4095139998562482
0.40878599930782705
0.4053381725233428
0.4024505898660543
0.4035849511623383
0.404176343217188
0.4024645109565891
0.4013541711836445
0.4019326526291516
0.40194217757302886
0.39971554109028407
0.39970844752934515
0.3998073917262408
0.39535363158401177
0.3974837597535581
0.39421984516844455
0.39622962049075533
0.3955944113585414
0.3941544624007478
0.3928676472634685
0.39148770072022265
0.3921556941100529
0.39126581951063505
0.3904902493467136
0.38847865219018896
0.3879545951376156
0.38714583564777766
0.3872067948993371
0.3881696435869956
0.3861910032982729
0.3864268979247735
0.38572925608985276
0.3860854140349797
0.38411359823479946
0.38309490546888236
0.38308677794981977
0.3856441213160145
0.38149390524747423
0.38100226217386673
0.3807196156102784
0.3803316347453059
0.37896139074345025
0.38007970792906626
0.3814463359969003
0.3782949440333308
0.37788292570989956
0.37578374463684705
0.3783096161423897
0.37602480832411317
0.37510657602426956
0.3781396156671096
0.3743503930617352
0.3733759153862389
0.3735989991499453
0.3732427054521989
0.3741460088564425
0.37294859582064105
0.37362211066849377
0.3720417064063403
0.3695944312883883
0.37275409284903077
0.3703160232427169
0.3704556572194002
0.3699434472590077
0.3687657355045786
0.3699872982745268
0.3677072672211394
0.3681441155015206
0.3692396070275988
0.36563280005844273
0.36502267292567664
0.3657895753578264
0.36637957704310514
0.36367993488603706
0.36583090825956693
0.36437036796491973
0.36536915959144123
0.3641347212450845
0.36298069187573023
0.36405590395538173
0.36336097340194545
0.3617425395517933
0.36085056565245804
0.3634363860500102
