7.221681296825409
4.770002126693726
4.472543329000473
4.296304851770401
4.064968839287758
3.6620564460754395
3.230134516954422
3.0313832461833954
2.904623195528984
2.76708260178566
2.574539825320244
2.4310155659914017
2.328110456466675
2.240671716630459
2.174126923084259
2.111114852130413
2.0487043485045433
1.999956727027893
1.9490878880023956
1.9013012871146202
1.8603594824671745
1.83073228597641
1.784474365413189
1.7321445643901825
1.693446859717369
1.6482462510466576
1.6072575896978378
1.5639501512050629
1.5332631841301918
1.5164503902196884
1.4684145003557205
1.424704171717167
1.396863229572773
1.384276196360588
1.3343261256814003
1.3061414510011673
1.2744394168257713
1.2551586478948593
1.2315589636564255
1.2151475846767426
1.2023700848221779
1.1732000783085823
1.1537586823105812
1.1271989271044731
1.1128061041235924
1.0992777422070503
1.077829234302044
1.0610214546322823
1.0453695580363274
1.0353621058166027
1.0207843407988548
0.998003613203764
0.9887910522520542
0.9745549000799656
0.9609803967177868
0.9527265429496765
0.9370259381830692
0.9208899177610874
0.909372229129076
0.9011765792965889
0.891245573759079
0.8862083479762077
0.8761961124837399
0.8683068789541721
0.8513772487640381
0.8379221707582474
0.823764007538557
0.813762940466404
0.810488935559988
0.805796142667532
0.7871865592896938
0.7764116153120995
0.7664056047797203
0.7590771690011024
0.7534236274659634
0.7576843723654747
0.7402178943157196
0.7334368415176868
0.7280347272753716
0.7146189771592617
0.7111482731997967
0.7007262893021107
0.6892947144806385
0.6863151714205742
0.6780216954648495
0.6706194207072258
0.6677133776247501
0.6682268045842648
0.653377503156662
0.6486655585467815
0.6411732323467731
0.6322107724845409
0.6250930838286877
0.6213023960590363
0.6181449629366398
0.6188375912606716
0.6251678764820099
0.6328210569918156
0.6109156534075737
0.5945466570556164
0.5919161289930344
0.5862661190330982
0.5785338617861271
0.5689405649900436
0.5666343346238136
0.5626704059541225
0.5547039471566677
0.5496706366539001
0.5459897592663765
0.5424707271158695
0.5346295293420553
0.5307755526155233
0.5340823195874691
0.5374277345836163
0.5314182434231043
0.5200337693095207
0.5094614680856466
0.5054918751120567
0.5015660934150219
0.498899195343256
0.49924076721072197
0.4921536296606064
0.48612083308398724
0.4836954064667225
0.483907513320446
0.4804604537785053
0.4767532516270876
0.46992982365190983
0.46859161742031574
0.4591670949012041
0.4572204742580652
0.46437796764075756
0.4592639170587063
0.44868292659521103
0.4417719841003418
0.4379647020250559
0.43948186188936234
0.4367185551673174
0.4299334939569235
0.422624658793211
0.4258154761046171
0.42170958779752254
0.4206525105983019
0.41256618686020374
0.41144214011728764
0.40812975727021694
0.43760561384260654
0.4649879038333893
0.42390198819339275
0.4024346638470888
0.39216223731637
0.39043465442955494
0.3864240553230047
0.38205489702522755
0.3766539376229048
0.3741364236921072
0.3710375018417835
0.3691720049828291
0.36773104034364223
0.37005147710442543
0.3610460665076971
0.3579008486121893
0.35694956593215466
0.35370906442403793
0.35291314125061035
0.35213110968470573
0.3480623308569193
0.345290495082736
0.34376589581370354
0.3391340710222721
0.33887186273932457
0.3365993332117796
0.33718668669462204
0.33576804772019386
0.32798823714256287
0.32648602686822414
0.33540961891412735
0.33177849650382996
0.321032103151083
0.31528556160628796
0.31451020389795303
0.3103206641972065
0.30855814181268215
0.30630254931747913
0.30357449129223824
0.3075162563472986
0.3149285688996315
0.30275992676615715
0.2967653851956129
0.2932119630277157
0.2900759354233742
0.28899956680834293
0.28824930638074875
0.2841523103415966
0.28537341579794884
0.2844315320253372
0.28667987510561943
0.28146808594465256
0.27417595870792866
0.2741428539156914
