7.188501417636871
4.426647394895554
4.079591944813728
3.9788517504930496
3.9044431298971176
3.76044762134552
3.5005334317684174
3.0984407663345337
2.711795836687088
2.564544066786766
2.4584091007709503
2.3529183119535446
2.231380060315132
2.0598930940032005
1.933120146393776
1.8367660492658615
1.79544847458601
1.7236462086439133
1.6707836613059044
1.6361253410577774
1.5915072560310364
1.5629233866930008
1.5259041413664818
1.4862095043063164
1.466308668255806
1.4436979070305824
1.4223865941166878
1.3931567519903183
1.3690835013985634
1.3452599719166756
1.3090143278241158
1.2892422452569008
1.2619777470827103
1.2514721900224686
1.221659429371357
1.1883787140250206
1.1594591215252876
1.1370302587747574
1.1162188835442066
1.10032457113266
1.0771504417061806
1.0589293949306011
1.0390218049287796
1.0276692733168602
1.006789691746235
0.9899097084999084
0.9783816002309322
0.9596949554979801
0.9417915120720863
0.9269484058022499
0.9093141183257103
0.8986295200884342
0.8840667307376862
0.8701679036021233
0.867914617061615
0.8519086129963398
0.8322905488312244
0.8212987519800663
0.805617518723011
0.7938590906560421
0.7923936918377876
0.7802121378481388
0.7630179636180401
0.7551988326013088
0.7478531859815121
0.750471007078886
0.728222206234932
0.7150397002696991
0.7064615152776241
0.6993562653660774
0.690827589482069
0.6842050068080425
0.6764416731894016
0.6697878278791904
0.665484357625246
0.6544573791325092
0.6421682573854923
0.6375633031129837
0.6391147077083588
0.6340938359498978
0.6185023561120033
0.6127781793475151
0.6039168946444988
0.6007465161383152
0.5938977636396885
0.583463191986084
0.579985773190856
0.5753411278128624
0.5706987343728542
0.5736498832702637
0.5658833384513855
0.5597340613603592
0.5487264040857553
0.5492228046059608
0.5427368991076946
0.5392482466995716
0.5311851650476456
0.522622125223279
0.518060740083456
0.5119202900677919
0.5097935106605291
0.5108801871538162
0.5067402068525553
0.5006521977484226
0.4966275468468666
0.49297470040619373
0.4905415493994951
0.4801188837736845
0.4781629201024771
0.4749768804758787
0.47413494624197483
0.46460372768342495
0.46806853264570236
0.4656510818749666
0.45561612769961357
0.449977932497859
0.4515694845467806
0.4415048696100712
0.4418280478566885
0.44276214577257633
0.4362609852105379
0.4325916264206171
0.4330241195857525
0.42258838564157486
0.4211227707564831
0.4305761866271496
0.42059886641800404
0.4155662842094898
0.4117645751684904
0.4086636193096638
0.4118745941668749
0.4081704318523407
0.40000431798398495
0.39451845921576023
0.3925886321812868
0.38800462149083614
0.3845338486135006
0.3932014163583517
0.37979965656995773
0.3757409919053316
0.3739097863435745
0.37244435772299767
0.3680690675973892
0.362903218716383
0.3647866006940603
0.358781598508358
0.3619780112057924
0.3555140644311905
0.35514269210398197
0.3495101276785135
0.35009993612766266
0.3514231890439987
0.34742344357073307
0.34266881458461285
0.35051093623042107
0.34161959774792194
0.339140759781003
0.33928463980555534
0.33210767805576324
0.3303688131272793
0.3264246806502342
0.3248240277171135
0.3216582201421261
0.3195863962173462
0.3193317838013172
0.3173793591558933
0.3174537867307663
0.30792201310396194
0.3061473350971937
0.3054527509957552
0.30535352416336536
0.3033783584833145
0.29889777302742004
0.2981836777180433
0.29971818439662457
0.2967821415513754
0.29263835214078426
0.288616543635726
0.28933042101562023
0.29380204156041145
0.292307086288929
0.2836914546787739
0.28125976677984
0.2814488634467125
0.2951251231133938
0.2845132555812597
0.2836680989712477
0.2789151035249233
0.2732335403561592
0.269645631313324
0.266733443364501
0.2654429590329528
0.26157501991838217
0.26133588794618845
0.2606179751455784
0.2587975151836872
0.2559315590187907
0.25322553887963295
0.25383908580988646
0.2672338057309389
