7.181604444980621
4.456251755356789
4.042390957474709
3.8942953795194626
3.573209449648857
2.977835103869438
2.7448370456695557
2.6276718378067017
2.5428211987018585
2.4654785841703415
2.3652950525283813
2.248194009065628
2.155171260237694
2.0726370587944984
2.0007729679346085
1.9206668585538864
1.8637714609503746
1.7957884296774864
1.7510001435875893
1.7043922021985054
1.6542573422193527
1.6144100576639175
1.5765635073184967
1.5276264771819115
1.487071804702282
1.4410642087459564
1.4029602706432343
1.3690393045544624
1.3291004672646523
1.2965282648801804
1.2711663320660591
1.2358111068606377
1.2125567942857742
1.1856393739581108
1.1694015637040138
1.146709382534027
1.12735103815794
1.0955745801329613
1.0710851773619652
1.0529697127640247
1.035331267863512
1.0162556655704975
0.9972738102078438
0.9723414741456509
0.9610122554004192
0.9445066899061203
0.9296868294477463
0.9224738962948322
0.9062448963522911
0.8851608298718929
0.8716761060059071
0.860360898077488
0.8496815487742424
0.8405583165585995
0.8262940160930157
0.8097903206944466
0.7992857471108437
0.7963776625692844
0.7859618403017521
0.7706017382442951
0.7596593946218491
0.7498177289962769
0.7416547536849976
0.7340307906270027
0.7329663038253784
0.7203585766255856
0.7050456777215004
0.6953569278120995
0.6936156190931797
0.6845865249633789
0.6776707507669926
0.6717916131019592
0.6638962626457214
0.6572686396539211
0.6509845927357674
0.643193032592535
0.6455826833844185
0.6413714364171028
0.6365044005215168
0.6198634691536427
0.6101373583078384
0.6036855578422546
0.5995023995637894
0.5936914198100567
0.5879803262650967
0.5784893743693829
0.5746760927140713
0.5849271714687347
0.5849198363721371
0.5682444125413895
0.5554206222295761
0.5489765517413616
0.5424703266471624
0.5363807342946529
0.5340197160840034
0.5295106302946806
0.5256681591272354
0.5231523402035236
0.5198330450803041
0.5151166245341301
0.5100870728492737
0.5062297750264406
0.49993686750531197
0.49407379887998104
0.4911445677280426
0.48778659477829933
0.4837453942745924
0.4856068044900894
0.4867951478809118
0.4772056546062231
0.46651293337345123
0.46514909341931343
0.4610603917390108
0.4558082241564989
0.45693848095834255
0.45801347121596336
0.4472271241247654
0.4483486767858267
0.47110259532928467
0.46731567569077015
0.4476266484707594
0.4346507415175438
0.4267332963645458
0.42227201722562313
0.41920229978859425
0.41606104373931885
0.41390477679669857
0.41215301491320133
0.4086852762848139
0.4068072736263275
0.40272210352122784
0.4007633440196514
0.39731782488524914
0.3930985815823078
0.38995666801929474
0.3871250692754984
0.3816034644842148
0.38182093016803265
0.3783187158405781
0.3769177198410034
0.374988354742527
0.37316542491316795
0.3702334575355053
0.3676215931773186
0.36526598036289215
0.3614878561347723
0.35869244299829006
0.35841744393110275
0.3530380632728338
0.3486160486936569
0.34932776540517807
0.3859329391270876
0.3995881397277117
0.3655741270631552
0.34786538407206535
0.3388536274433136
0.33385830372571945
0.3310540560632944
0.3291332311928272
0.3270140737295151
0.3243938982486725
0.3231267798691988
0.3228392656892538
0.32313435710966587
0.3176050130277872
0.3152167834341526
0.3116508014500141
0.31084018014371395
0.3091044444590807
0.3081462327390909
0.3053519260138273
0.30378234200179577
0.3024024907499552
0.2965304423123598
0.29742341861128807
0.29309083707630634
0.2915494367480278
0.2919404152780771
0.29023295268416405
0.28730541840195656
0.28720091097056866
0.301356665790081
0.28486867994070053
0.2792861219495535
0.27719662617892027
0.2746028732508421
0.27339665964245796
0.27161215618252754
0.274937117472291
0.2698339372873306
0.2647481542080641
0.26753217726945877
0.263178882189095
0.26046841498464346
0.2614215034991503
0.2589580798521638
0.25895855855196714
0.25537390634417534
0.25287478510290384
0.25085818115621805
