6.923392564058304
4.346951752901077
4.028570905327797
3.9076080471277237
3.7006975263357162
3.1414979994297028
2.7597655951976776
2.6149875819683075
2.489817723631859
2.325756296515465
2.229783982038498
2.161608003079891
2.097593776881695
2.039718732237816
1.9792161360383034
1.905740201473236
1.842052586376667
1.780715487897396
1.7223782911896706
1.663614608347416
1.5947137251496315
1.5500255823135376
1.5092813670635223
1.4612220451235771
1.4249685481190681
1.3856528475880623
1.3540031909942627
1.3251250982284546
1.2931234911084175
1.2729263678193092
1.245421051979065
1.2130705267190933
1.1937971115112305
1.1656199395656586
1.1475258618593216
1.120481014251709
1.096703127026558
1.0749335587024689
1.058510571718216
1.0456747226417065
1.029180534183979
1.0084090679883957
0.9844970926642418
0.9733153656125069
0.9504225067794323
0.9277613200247288
0.9149668291211128
0.9104921519756317
0.8870357982814312
0.8714030645787716
0.8587691858410835
0.8447743840515614
0.8330236598849297
0.8245006278157234
0.8167975395917892
0.8008305542171001
0.7848447412252426
0.7773407436907291
0.765963438898325
0.7556245140731335
0.7442649453878403
0.7322008349001408
0.7239297702908516
0.7186490185558796
0.7105501666665077
0.7049093768000603
0.6928159035742283
0.683186449110508
0.677110318094492
0.672299936413765
0.6581895239651203
0.6479701064527035
0.6446734294295311
0.6365241780877113
0.6332759335637093
0.6377083249390125
0.6287196725606918
0.6423404365777969
0.6099948845803738
0.5978444032371044
0.5875350162386894
0.5840620175004005
0.581159170717001
0.5758729912340641
0.5658145137131214
0.559753879904747
0.55572216399014
0.5569807887077332
0.5464496836066246
0.5389098096638918
0.5357445292174816
0.5294383857399225
0.5219253282994032
0.5213348884135485
0.5132172498852015
0.5073446817696095
0.5040688067674637
0.5015840753912926
0.5082521345466375
0.5028354283422232
0.48870426043868065
0.4814491327852011
0.4747474603354931
0.4706051852554083
0.46718427166342735
0.4660168495029211
0.4620150029659271
0.4645563345402479
0.4666264019906521
0.45241997577250004
0.44724403508007526
0.43879399076104164
0.4377114698290825
0.4319831281900406
0.42797108367085457
0.43019334599375725
0.42402745597064495
0.41561572812497616
0.4242458250373602
0.4262195900082588
0.4106960017234087
0.4040350988507271
0.39618606492877007
0.3938708361238241
0.39277969114482403
0.38793564960360527
0.38534665293991566
0.3893458694219589
0.38681727834045887
0.37806450203061104
0.3717730976641178
0.3715507239103317
0.3698355555534363
0.36422465927898884
0.3591186460107565
0.3562888465821743
0.353480102494359
0.35315319895744324
0.3477855771780014
0.34620370529592037
0.34392936527729034
0.3393853586167097
0.3444177694618702
0.3423763997852802
0.3465028051286936
0.34074543975293636
0.32849218882620335
0.32305448316037655
0.32004955038428307
0.31787876039743423
0.3146942686289549
0.3135812543332577
0.3123361710458994
0.3069454859942198
0.3075834643095732
0.30812414921820164
0.30541920103132725
0.3042150642722845
0.2958914954215288
0.2949625886976719
0.29403430595993996
0.2891756985336542
0.2913146819919348
0.2864189986139536
0.2857081536203623
0.2804660350084305
0.2783204410225153
0.27556715812534094
0.2729517174884677
0.2723432220518589
0.26934367697685957
0.2701565697789192
0.27263918705284595
0.2751569729298353
0.2653620932251215
0.2608170574530959
0.25933543127030134
0.2566249631345272
0.25349311903119087
0.251032842323184
0.24949561059474945
0.24838736932724714
0.2467637537047267
0.24319202359765768
0.24109421856701374
0.23948296159505844
0.2393494425341487
0.23806748632341623
0.23636480141431093
0.23432815074920654
0.23211557418107986
0.23728578630834818
0.2574033550918102
0.23992675263434649
0.2272441852837801
0.22219202388077974
0.22720135375857353
0.22390058171004057
0.21945598628371954
0.2169712409377098
