6.254582643508911
4.196992486715317
3.9465034008026123
3.8007084131240845
3.3007363080978394
2.7002492547035217
2.4204735159873962
2.278229922056198
2.170284941792488
2.093641720712185
2.036840818822384
1.9597721993923187
1.8920227140188217
1.8190099895000458
1.759799875319004
1.7050747945904732
1.6448197588324547
1.5832597613334656
1.5277047753334045
1.4622783958911896
1.4110563918948174
1.3596150949597359
1.2984734252095222
1.248839259147644
1.2157491222023964
1.186150886118412
1.131954938173294
1.0943851917982101
1.0667358376085758
1.0436733476817608
1.016157116740942
1.0098579339683056
0.9733765721321106
0.9680031575262547
0.9348410479724407
0.9108041003346443
0.8931740969419479
0.869753047823906
0.8484923802316189
0.8383516520261765
0.8264111839234829
0.8266133442521095
0.7987642027437687
0.7721304707229137
0.768965270370245
0.7593179941177368
0.7451185397803783
0.7251775413751602
0.709663812071085
0.7032641842961311
0.6892433576285839
0.6788763590157032
0.6738872416317463
0.6578870266675949
0.6489227339625359
0.6440487392246723
0.6393971815705299
0.6229566112160683
0.6162994541227818
0.6039895825088024
0.5903591439127922
0.5845908671617508
0.5759921669960022
0.5660315696150064
0.5557344816625118
0.5480362437665462
0.5452417209744453
0.5378391966223717
0.5350592471659184
0.5287302806973457
0.5235553812235594
0.5077837612479925
0.5025365296751261
0.4944838732481003
0.49356019869446754
0.48554839193820953
0.47606687620282173
0.46865568682551384
0.4645026233047247
0.4603210836648941
0.45127478800714016
0.4458719380199909
0.4406222514808178
0.4337134063243866
0.4321708735078573
0.4220941327512264
0.4153798930346966
0.4196353852748871
0.4188589919358492
0.41329316049814224
0.41427050717175007
0.40467289835214615
0.388321066275239
0.38750402443110943
0.3829581029713154
0.3811933621764183
0.3764730133116245
0.37468675523996353
0.3690660074353218
0.3623439148068428
0.3603127561509609
0.3560799080878496
0.34759033657610416
0.3425721097737551
0.3389575835317373
0.3333779703825712
0.3301351238042116
0.33519457280635834
0.3328037280589342
0.32343919202685356
0.3182715605944395
0.3138760644942522
0.3115777485072613
0.3059104774147272
0.3111436851322651
0.31870500557124615
0.3219100795686245
0.3006349038332701
0.2959533017128706
0.2905622273683548
0.28716081380844116
0.283040227368474
0.2822800800204277
0.2790719047188759
0.2785217668861151
0.278562868013978
0.27974896878004074
0.27676057256758213
0.26918662525713444
0.26344372890889645
0.26157044526189566
0.257943126372993
0.25475871935486794
0.2528491709381342
0.2554418481886387
0.25217313412576914
0.2492942437529564
0.24612796027213335
0.24192907568067312
0.25151527486741543
0.2431027591228485
0.23788673803210258
0.24216305930167437
0.2394776064902544
0.23272792343050241
0.23129667341709137
0.23879009298980236
0.22901420015841722
0.2264338107779622
0.22206910885870457
0.21619599033147097
0.21394416131079197
0.21380452532321215
0.21131620556116104
0.20872048195451498
0.20920668356120586
0.21034899353981018
0.2066246010363102
0.20229887962341309
0.2017653388902545
0.20082080084830523
0.20214524678885937
0.19734580721706152
0.19921462796628475
0.19839472230523825
0.19494422245770693
0.2005663113668561
0.20807901211082935
0.19266225676983595
0.19142845552414656
0.18566258437931538
0.18277561198920012
0.17888367734849453
0.1759906653314829
0.1780687663704157
0.17668081726878881
0.1774797895923257
0.1751267584040761
0.1721785068511963
0.17177252937108278
0.17213499266654253
0.16822282783687115
0.16599559225142002
0.16401128098368645
0.16828581783920527
0.17280506901443005
0.18139416724443436
0.1692893858999014
0.16318420600146055
0.15811501536518335
0.1566981030628085
0.15379986818879843
0.15546941943466663
0.15350764524191618
0.15207580011337996
0.15105076972395182
0.16389616671949625
0.15758165530860424
0.15191161632537842
0.15840388741344213
