5.693704605102539
4.017625316977501
3.4522961229085922
2.862289845943451
2.636095717549324
2.468774512410164
2.334772452712059
2.217446394264698
2.1137697845697403
2.039050132036209
1.951900638639927
1.8606693372130394
1.7782536000013351
1.7002497762441635
1.6336382701992989
1.560884103178978
1.5053540989756584
1.4445895329117775
1.4071159437298775
1.3516742587089539
1.2939736396074295
1.2501577734947205
1.212476059794426
1.157457910478115
1.118853211402893
1.0799445062875748
1.046792734414339
1.013734109699726
0.9894704595208168
0.9568049162626266
0.9334511086344719
0.9181616976857185
0.8826732449233532
0.8588713705539703
0.8306670784950256
0.80865228921175
0.7919412702322006
0.770101860165596
0.7676322683691978
0.7451812773942947
0.7216225154697895
0.7049478702247143
0.7007862702012062
0.6781706400215626
0.6728948391973972
0.6575082428753376
0.6586471907794476
0.6296439468860626
0.6146954819560051
0.6009194403886795
0.5916279517114162
0.5782360918819904
0.570100799202919
0.5594447068870068
0.5505954138934612
0.5385763756930828
0.5363763626664877
0.5224470905959606
0.5231184773147106
0.5172000452876091
0.5119538009166718
0.4955227989703417
0.48433277755975723
0.4832961689680815
0.4812396578490734
0.466874361038208
0.4631088748574257
0.45427925512194633
0.4454127810895443
0.4409863017499447
0.4340161494910717
0.42205110378563404
0.413256973028183
0.4117847550660372
0.4088483154773712
0.4031689949333668
0.4047259297221899
0.3913475591689348
0.388599282130599
0.3855268321931362
0.37818762473762035
0.3710341192781925
0.37166491709649563
0.3678073678165674
0.35845142789185047
0.35051934979856014
0.3474652823060751
0.3467749822884798
0.35274140164256096
0.3455498516559601
0.33469311334192753
0.3275542352348566
0.32727306336164474
0.32369364984333515
0.32360383309423923
0.3198232501745224
0.31646296195685863
0.306428762152791
0.3024186100810766
0.30737607553601265
0.3286688346415758
0.3399293217808008
0.32901703007519245
0.30191872268915176
0.2905289176851511
0.28564981184899807
0.2817401885986328
0.27473429031670094
0.27256662398576736
0.2689787186682224
0.2667303942143917
0.26557951606810093
0.26363149657845497
0.2604589145630598
0.2585876230150461
0.26573627069592476
0.26621758937835693
0.25434581004083157
0.2556435093283653
0.2525188634172082
0.24891994334757328
0.2409621486440301
0.24125214107334614
0.23742939718067646
0.23450563848018646
0.23374368250370026
0.23158914782106876
0.22854833025485277
0.22589958272874355
0.23163627088069916
0.22821201384067535
0.22605557925999165
0.2334736129269004
0.2271675281226635
0.22044330183416605
0.22220037318766117
0.21619811188429594
0.22445203457027674
0.21533647924661636
0.2151482766494155
0.21016297210007906
0.2065834878012538
0.20436896663159132
0.20652154181152582
0.2062083212658763
0.21197945717722178
0.2130667893216014
0.2062384495511651
0.20374368969351053
0.19773590844124556
0.1944956174120307
0.19130375515669584
0.19105183333158493
0.197649747133255
0.19405556563287973
0.19294034969061613
0.195580312050879
0.1935971975326538
0.18814329244196415
0.18913885485380888
0.1845638658851385
0.18505837116390467
0.18253529723733664
0.18076745700091124
0.18122816924005747
0.1779853291809559
0.1732650361955166
0.17280349507927895
0.17144552525132895
0.17276410199701786
0.17108105774968863
0.17261811532080173
0.16931426990777254
0.16563680581748486
0.16867305990308523
0.16975726652890444
0.1690805722028017
0.17175313737243414
0.1696172133088112
0.16994288098067045
0.16598280239850283
0.15855601895600557
0.15685745794326067
0.1587676415219903
0.15870422963052988
0.15675705205649137
0.15628415625542402
0.15446196869015694
0.15285511501133442
0.1509086824953556
0.1551278457045555
0.16137856990098953
0.15785093419253826
0.15085645113140345
0.14693867322057486
0.14563685934990644
0.1476497147232294
0.15119171515107155
0.14542241115123034
0.14267029985785484
