7.291476726531982
4.436721831560135
4.04854317009449
3.9602218121290207
3.8536099940538406
3.6348304748535156
3.440693825483322
3.32105915248394
3.079855740070343
2.6555232405662537
2.4502158015966415
2.3277719914913177
2.223883479833603
2.1261284574866295
2.0460922867059708
1.9638443067669868
1.8748133853077888
1.7900334373116493
1.727075457572937
1.6697218641638756
1.6172357127070427
1.5849776864051819
1.526566468179226
1.4762032777071
1.4387212097644806
1.4062143713235855
1.3675262480974197
1.3375440835952759
1.3090953677892685
1.2853436693549156
1.251092217862606
1.224471092224121
1.2036838084459305
1.1963592320680618
1.1738063916563988
1.1482949256896973
1.121976524591446
1.095132164657116
1.0754171460866928
1.0610721036791801
1.0382246375083923
1.0191514529287815
1.0016030669212341
0.9867992512881756
0.9735103882849216
0.9597075060009956
0.9479373879730701
0.9323529936373234
0.9157283864915371
0.9015928767621517
0.8870751522481441
0.8752978704869747
0.8630673550069332
0.850551500916481
0.8373265862464905
0.827748317271471
0.816095981746912
0.8081636801362038
0.7982175312936306
0.790377214550972
0.7802399732172489
0.7723039090633392
0.7640574835240841
0.7551472336053848
0.7471848540008068
0.7354390323162079
0.7278627753257751
0.716992050409317
0.7166000530123711
0.7029970958828926
0.6935695819556713
0.6855695508420467
0.6764689907431602
0.6748508177697659
0.6731083057820797
0.662795465439558
0.6520686075091362
0.6529928408563137
0.6497762762010098
0.6362227350473404
0.6274784989655018
0.6231370978057384
0.615715216845274
0.6124095991253853
0.6105845682322979
0.603366531431675
0.5953781828284264
0.5898569896817207
0.5830510221421719
0.5786759853363037
0.5739745683968067
0.5683808512985706
0.5666308999061584
0.5596887096762657
0.5550659261643887
0.5547007322311401
0.548277523368597
0.539511863142252
0.5377749539911747
0.533130245283246
0.5292916260659695
0.5245549529790878
0.52236033603549
0.5156531669199467
0.5127241350710392
0.5073585491627455
0.5025381557643414
0.5008648838847876
0.49765297397971153
0.4937514867633581
0.48851332999765873
0.48279416002333164
0.4837231766432524
0.4800454117357731
0.4779414124786854
0.47701133973896503
0.46845269575715065
0.4673409052193165
0.46354028955101967
0.46114758774638176
0.45866616629064083
0.45532407984137535
0.4504081793129444
0.44390479288995266
0.44858922623097897
0.44177427887916565
0.437341770157218
0.4341492410749197
0.43237901851534843
0.4268614575266838
0.4228905886411667
0.4229021891951561
0.4272942002862692
0.4254245311021805
0.4309917073696852
0.41553002782166004
0.40711122564971447
0.4021791126579046
0.40107449144124985
0.40538327768445015
0.3992006555199623
0.39364004507660866
0.3975497782230377
0.38922111317515373
0.38718778640031815
0.3841761592775583
0.40108584985136986
0.3932781107723713
0.3820879627019167
0.3752226922661066
0.37180248834192753
0.36671833507716656
0.3665682431310415
0.36470652744174004
0.3651279844343662
0.36216925643384457
0.3592814803123474
0.3580701258033514
0.3558042384684086
0.3546750284731388
0.35239751636981964
0.3480799272656441
0.3436451982706785
0.3422601707279682
0.34131461195647717
0.33894775435328484
0.33825038373470306
0.3380748238414526
0.33768875151872635
0.3381174262613058
0.33416198194026947
0.3264950178563595
0.32354485243558884
0.32234184443950653
0.32668810337781906
0.3219740018248558
0.3156183082610369
0.31498991698026657
0.31355155631899834
0.3119082320481539
0.3098632637411356
0.3136662635952234
0.3218757435679436
0.3083382919430733
0.30173723958432674
0.30029237642884254
0.3013402484357357
0.3001770079135895
0.2958825994282961
0.29482806473970413
0.2914765514433384
0.28973736613988876
0.2866544295102358
0.28906348533928394
0.2853963226079941
0.2829565051943064
0.29207088612020016
0.29141579009592533
0.282301589846611
0.27710434049367905
