6.366867363452911
4.17189684510231
3.9472906589508057
3.7010787278413773
3.454267457127571
2.9445249438285828
2.6268694400787354
2.474715828895569
2.2745055109262466
2.1054891794919968
1.9852803125977516
1.8674239367246628
1.7688441053032875
1.6927636563777924
1.6308351308107376
1.5718223825097084
1.5557902678847313
1.4882522150874138
1.445516012609005
1.3970323503017426
1.3631529062986374
1.3335126787424088
1.3062448501586914
1.279208205640316
1.254961721599102
1.2431395575404167
1.217869020998478
1.1722380816936493
1.139831267297268
1.1134835705161095
1.089919287711382
1.0808953531086445
1.046002309769392
1.025524228811264
1.000009723007679
0.9817604906857014
0.9670340418815613
0.9413739070296288
0.9267440140247345
0.9093742594122887
0.8914201855659485
0.8828827701508999
0.8611710928380489
0.8548643551766872
0.8397013917565346
0.8293692134320736
0.80428546667099
0.7882646434009075
0.7826477512717247
0.7653044685721397
0.7536245584487915
0.7498850598931313
0.7373792231082916
0.7261963859200478
0.7107299827039242
0.7033960558474064
0.69468018040061
0.6884321011602879
0.6804594211280346
0.668417252600193
0.6604929454624653
0.6498125940561295
0.6492478549480438
0.6366487145423889
0.6245957836508751
0.6183194927871227
0.6160520426928997
0.6051010824739933
0.5924759581685066
0.5839473344385624
0.5795538052916527
0.5757124796509743
0.562225379049778
0.5591073147952557
0.5578885897994041
0.550140380859375
0.5399668123573065
0.5313474778085947
0.525482852011919
0.52022217027843
0.5172939840704203
0.5122733991593122
0.5039383210241795
0.5008698925375938
0.4988492913544178
0.4932364020496607
0.4839496649801731
0.47602016665041447
0.4746632780879736
0.4701179191470146
0.46483239717781544
0.45774697326123714
0.44995739310979843
0.4456934202462435
0.45030516758561134
0.4530054870992899
0.4446399621665478
0.4335169233381748
0.437345027923584
0.42074316553771496
0.41833201237022877
0.4123810939490795
0.4079060032963753
0.40060268715023994
0.39787682518363
0.3936555441468954
0.3915713243186474
0.3848933093249798
0.3809502813965082
0.3778739348053932
0.3762108236551285
0.3710058480501175
0.3686340358108282
0.36952779814600945
0.3637413699179888
0.3688612002879381
0.3604090102016926
0.3565411698073149
0.35157643258571625
0.34374369122087955
0.3397363740950823
0.33392732962965965
0.3368291538208723
0.33936859108507633
0.33824464678764343
0.3301664311438799
0.32199604623019695
0.31867776066064835
0.3138343710452318
0.31117948703467846
0.30781081318855286
0.3145545069128275
0.3051620740443468
0.3039769772440195
0.30314576998353004
0.2925627287477255
0.28970861434936523
0.28567092306911945
0.2824564501643181
0.2822202779352665
0.27760144881904125
0.27502699568867683
0.2755335606634617
0.2738782484084368
0.26909721083939075
0.2644510194659233
0.2646567393094301
0.25977761670947075
0.25944228284060955
0.2550974851474166
0.2528847409412265
0.2521136635914445
0.24896173551678658
0.24617196712642908
0.244655373506248
0.24046684429049492
0.23926139995455742
0.24008313473314047
0.23880349844694138
0.23780532088130713
0.22871152311563492
0.22595939692109823
0.22563483752310276
0.2278956789523363
0.22904686350375414
0.2225480154156685
0.21510426234453917
0.21076272521167994
0.20915411319583654
0.21970662847161293
0.2161143021658063
0.20726939011365175
0.20054854918271303
0.20072995405644178
0.2002115212380886
0.19544751476496458
0.19366748817265034
0.19115650840103626
0.18885414116084576
0.1878212671726942
0.18757455330342054
0.18749214429408312
0.18762968573719263
0.1835699863731861
0.18356671929359436
0.17811780609190464
0.17660284880548716
0.17428595013916492
0.17543250042945147
0.17021597269922495
0.16869266889989376
0.16605540364980698
0.16784386057406664
0.17005446087568998
0.16584104020148516
0.1596722872927785
0.15792109444737434
0.15602190885692835
0.15401964727789164
0.15234730206429958
