8.768115311861038
4.828099995851517
4.248773828148842
4.059343859553337
3.9208709597587585
3.701252728700638
3.220629557967186
2.842244789004326
2.6549278646707535
2.5455780625343323
2.449377730488777
2.3339598923921585
2.2073867172002792
2.1170516535639763
2.051812417805195
1.988095961511135
1.9413717612624168
1.8800716400146484
1.842382624745369
1.788731873035431
1.7422425597906113
1.710113488137722
1.674699567258358
1.6264492720365524
1.5966735035181046
1.5645918920636177
1.5341121032834053
1.507616512477398
1.4792075902223587
1.4426000639796257
1.4155952110886574
1.3883319199085236
1.3708925917744637
1.340162731707096
1.3222596496343613
1.3008074462413788
1.272721841931343
1.2580455392599106
1.2336104661226273
1.2114514634013176
1.1911481618881226
1.1740974485874176
1.1553595215082169
1.135842964053154
1.1199730709195137
1.102545902132988
1.0880009718239307
1.069663293659687
1.050544161349535
1.0350932218134403
1.0196691118180752
1.007252026349306
0.992170475423336
0.9812983460724354
0.9684129357337952
0.9535035640001297
0.9407559782266617
0.9260396137833595
0.9172970913350582
0.9065743163228035
0.8955664969980717
0.886548887938261
0.8761242665350437
0.8632225096225739
0.854103397578001
0.8434128165245056
0.8294002041220665
0.8291667774319649
0.8158997185528278
0.8110354766249657
0.7945092059671879
0.7834352515637875
0.7753882445394993
0.7681660763919353
0.7657066844403744
0.7571441605687141
0.745355449616909
0.744781706482172
0.7355430275201797
0.7222868278622627
0.7134883441030979
0.7119013108313084
0.6983629837632179
0.6911664381623268
0.687219925224781
0.6778513230383396
0.6713503561913967
0.6663762480020523
0.6637034676969051
0.6558958441019058
0.6501948498189449
0.6554162725806236
0.6586221382021904
0.6408352591097355
0.626286156475544
0.6181326657533646
0.6143982969224453
0.6115155480802059
0.6063696779310703
0.5980172865092754
0.5905026867985725
0.5903058312833309
0.5822922997176647
0.5777230113744736
0.5741280503571033
0.5683338399976492
0.561887826770544
0.5638005435466766
0.558998815715313
0.55018325522542
0.5478320568799973
0.5409521572291851
0.533081317320466
0.5335563365370035
0.5387819800525904
0.5320025403052568
0.5225998628884554
0.5157846659421921
0.5089560728520155
0.5095685720443726
0.5032379776239395
0.49820272624492645
0.4973177872598171
0.4922684822231531
0.48956531286239624
0.4835389908403158
0.4787571579217911
0.4826803635805845
0.4774156603962183
0.47053702361881733
0.46720811538398266
0.4760242775082588
0.484755327925086
0.4653613194823265
0.4573073573410511
0.45112298987805843
0.4442368857562542
0.4429263174533844
0.4381720032542944
0.4387239143252373
0.4388121608644724
0.4326703902333975
0.43667941726744175
0.42904242500662804
0.42663258127868176
0.4202203433960676
0.41448866948485374
0.4124110657721758
0.41165407560765743
0.4087267331779003
0.4053359627723694
0.41295056976377964
0.4171824585646391
0.3996042627841234
0.39550733380019665
0.39294694922864437
0.3889323826879263
0.38641137816011906
0.38106150925159454
0.3786101657897234
0.38049388118088245
0.3817175514996052
0.3762320261448622
0.37074082158505917
0.36764531023800373
0.36713824421167374
0.3651596251875162
0.35948860459029675
0.35828761383891106
0.3588107228279114
0.3559410385787487
0.35339610651135445
0.3493013512343168
0.349880563095212
0.3439259435981512
0.3427440132945776
0.33907894790172577
0.3385121710598469
0.33530459366738796
0.33439907617866993
0.33277409709990025
0.33740752376616
0.3270838465541601
0.3249114565551281
0.3260418549180031
0.3216385915875435
0.31918070279061794
0.31659698113799095
0.3194032907485962
0.31264159083366394
0.30966764502227306
0.31278821267187595
0.3298368528485298
0.3139639515429735
0.3073282316327095
0.30162440426647663
0.2979571893811226
0.29935282096266747
0.2977786734700203
0.2974584009498358
