7.7264464199543
4.599205583333969
4.080922141671181
3.9733823239803314
3.8647450953722
3.677403375506401
3.495405212044716
3.3990385085344315
3.304182142019272
3.123157098889351
2.7098537385463715
2.502144291996956
2.379680633544922
2.282447263598442
2.1877965480089188
2.1160381734371185
2.053690679371357
1.9950184524059296
1.9524540677666664
1.8991647884249687
1.8494708091020584
1.811193235218525
1.7693459391593933
1.7324433997273445
1.7030077502131462
1.6664277911186218
1.6452462822198868
1.6133704036474228
1.5740335583686829
1.538432739675045
1.5095849186182022
1.4878807440400124
1.46527648717165
1.4253332689404488
1.3979850709438324
1.3687392324209213
1.3415723368525505
1.3153150752186775
1.2941870614886284
1.2762360274791718
1.252164214849472
1.2365597933530807
1.2138745784759521
1.1962591260671616
1.1794652566313744
1.164814829826355
1.1451827809214592
1.1271391287446022
1.1142708733677864
1.1023559421300888
1.0882354006171227
1.0798724293708801
1.0727907568216324
1.0571063719689846
1.0385429859161377
1.0266479700803757
1.0175454281270504
0.9995698928833008
0.9851796180009842
0.9857811816036701
0.9766312390565872
0.9584525749087334
0.9535660147666931
0.9383616000413895
0.925800446420908
0.9142219312489033
0.9078544899821281
0.900076437741518
0.8907442986965179
0.8790311142802238
0.8741006627678871
0.8642662204802036
0.8564626947045326
0.8463467061519623
0.838896844536066
0.8287381380796432
0.8194550797343254
0.8122911565005779
0.808663684874773
0.8019824959337711
0.7929634638130665
0.7838208861649036
0.7757457718253136
0.77054588124156
0.7659017108380795
0.7577636167407036
0.7537823468446732
0.7475946806371212
0.7414362728595734
0.7362845242023468
0.7303999066352844
0.7312762625515461
0.7179289795458317
0.7126371152698994
0.7080972455441952
0.6999682150781155
0.697930883616209
0.6928268261253834
0.6894315592944622
0.6815033741295338
0.6762604787945747
0.6706543825566769
0.6674065925180912
0.6614231690764427
0.6627073287963867
0.6675842367112637
0.6684602051973343
0.6568175554275513
0.6483750157058239
0.6374566070735455
0.6327953264117241
0.6279790475964546
0.6261465884745121
0.6200554855167866
0.6213503107428551
0.617629561573267
0.6143058054149151
0.6077754274010658
0.6048078685998917
0.6047814190387726
0.6017196737229824
0.5953196287155151
0.5919703207910061
0.5900675132870674
0.5828972421586514
0.5788993611931801
0.5752380266785622
0.5770387798547745
0.5746574215590954
0.5674166046082973
0.5634553842246532
0.5643047615885735
0.563028410077095
0.5628184899687767
0.5601761005818844
0.553976085036993
0.5478970818221569
0.5474171675741673
0.5414210613816977
0.5400940496474504
0.5413747318089008
0.5374296046793461
0.5387498624622822
0.5348461996763945
0.5320221185684204
0.5251645296812057
0.5252430830150843
0.5231674257665873
0.519543532282114
0.5176262650638819
0.5196071080863476
0.5107622742652893
0.509423142299056
0.5069774016737938
0.5123872309923172
0.5127042047679424
0.49979834631085396
0.4961004573851824
0.4937565214931965
0.4932662770152092
0.4901135787367821
0.4868935290724039
0.48519054986536503
0.4815409854054451
0.48121280036866665
0.4822026342153549
0.47989566437900066
0.48288977704942226
0.47875626385211945
0.478195084258914
0.47303491458296776
0.4670256655663252
0.4640836622565985
0.46588193997740746
0.45970448292791843
0.45864604227244854
0.45976907201111317
0.4570427220314741
0.4535954166203737
0.4521490540355444
0.4496518410742283
0.44987388141453266
0.4510733149945736
0.44743859581649303
0.4469476882368326
0.4459382500499487
0.44503756798803806
0.4472215622663498
0.43921452574431896
0.43360674008727074
0.43339174799621105
0.432871313765645
0.4299957249313593
0.42755610682070255
0.4256551284343004
0.4249414261430502
0.42406089045107365
0.4212964680045843
0.4199452046304941
0.422974094748497
