7.460100024938583
4.502015769481659
4.05047632753849
3.90333291888237
3.569454163312912
3.0550610572099686
2.765365317463875
2.6161740124225616
2.507289484143257
2.3859869092702866
2.258775532245636
2.1281731128692627
2.027783289551735
1.9399104937911034
1.8717827871441841
1.800153873860836
1.732230730354786
1.6801520437002182
1.622737094759941
1.5642952173948288
1.5123991444706917
1.4807230904698372
1.4593694508075714
1.4101629629731178
1.3742010369896889
1.3408415988087654
1.3062649592757225
1.2839506715536118
1.2563978731632233
1.2267468497157097
1.2014939710497856
1.172156699001789
1.149171695113182
1.12517049908638
1.1072394028306007
1.0807526484131813
1.0576386786997318
1.0336054787039757
1.0119758434593678
0.9979226216673851
0.9755804315209389
0.9611491747200489
0.9530079923570156
0.9379192143678665
0.9141910076141357
0.8931524455547333
0.8797692880034447
0.8647361397743225
0.8491851091384888
0.8352231159806252
0.8239246979355812
0.8150430396199226
0.8001907616853714
0.7865163758397102
0.7739350087940693
0.7651039026677608
0.7615870758891106
0.7539062798023224
0.7439710535109043
0.7233845740556717
0.724864587187767
0.7065851800143719
0.6953440941870213
0.6916084550321102
0.6797902807593346
0.6689267121255398
0.6593171879649162
0.6503800414502621
0.6444186605513096
0.6347471550107002
0.6316293403506279
0.623050756752491
0.6165152303874493
0.6059514731168747
0.6016437821090221
0.6055998764932156
0.5905834026634693
0.5809223428368568
0.5711192525923252
0.5690285377204418
0.5592225529253483
0.5533478856086731
0.549677774310112
0.5465564988553524
0.5447400417178869
0.5378587059676647
0.5265890639275312
0.5190182235091925
0.5123683530837297
0.5063119567930698
0.5009328406304121
0.49791736528277397
0.49111071042716503
0.4882714841514826
0.48473806492984295
0.47647973895072937
0.4717130661010742
0.4669776074588299
0.46686191484332085
0.4558334890753031
0.45360718108713627
0.45037571527063847
0.44904904812574387
0.4418350700289011
0.44306980818510056
0.43445106968283653
0.43161430209875107
0.4214606638997793
0.418895473703742
0.41168384812772274
0.4079222120344639
0.4043414704501629
0.40480243787169456
0.4046494532376528
0.40345218032598495
0.398607874289155
0.398302411660552
0.38749021105468273
0.37907357700169086
0.3720961082726717
0.3686953317373991
0.36445754766464233
0.3637636676430702
0.3580219838768244
0.3540931176394224
0.3536083195358515
0.35100211948156357
0.34489531442523
0.3430689461529255
0.35087172500789165
0.3416759576648474
0.3404048476368189
0.3375090565532446
0.34267296828329563
0.34051926992833614
0.32231432013213634
0.3183035459369421
0.31610547564923763
0.311044629663229
0.3125551901757717
0.3066656347364187
0.30214259773492813
0.29953958094120026
0.29691736958920956
0.29469527117908
0.29419494420289993
0.2889012200757861
0.29165006056427956
0.2894029226154089
0.2860460989177227
0.2790270671248436
0.27462563663721085
0.2729428131133318
0.2694505359977484
0.26755478233098984
0.26809230353683233
0.26756826508790255
0.272608432918787
0.26482899859547615
0.2627618992701173
0.25778046157211065
0.25286567118018866
0.2480261130258441
0.24805390369147062
0.24798761401325464
0.24711189605295658
0.24492222350090742
0.2500157579779625
0.24399989563971758
0.24731085263192654
0.2416480453684926
0.23407653998583555
0.22818638663738966
0.22727870382368565
0.22498134057968855
0.22352650854736567
0.22442196775227785
0.22194940689951181
0.21657402627170086
0.21423684153705835
0.2140483260154724
0.2130355527624488
0.21518883761018515
0.21019005309790373
0.2052173037081957
0.20405746530741453
0.20191279705613852
0.20027460530400276
0.19762333203107119
0.19530220422893763
0.19558540266007185
0.19166009314358234
0.190467388369143
0.18794837966561317
0.18737845867872238
0.1855541244149208
0.18552057165652514
0.18285469617694616
0.18167252838611603
0.1950820256024599
