6.821890115737915
4.38581945002079
4.044965088367462
3.9351856410503387
3.823167145252228
3.4825385957956314
3.0488821119070053
2.810920625925064
2.705594465136528
2.62614506483078
2.5639870017766953
2.510685697197914
2.457142621278763
2.382257878780365
2.294398993253708
2.2256018295884132
2.1816215813159943
2.1444415599107742
2.1145254001021385
2.0803536847233772
2.0446667298674583
2.0049106776714325
1.9670694172382355
1.9244315400719643
1.8932322263717651
1.8665536865592003
1.8261876106262207
1.7988817989826202
1.764087252318859
1.730628341436386
1.7066324800252914
1.6772928982973099
1.6604673564434052
1.6404797658324242
1.6132888197898865
1.5841662362217903
1.5660112723708153
1.5389921963214874
1.5170641541481018
1.5104163140058517
1.4779976531863213
1.4502740651369095
1.4214168265461922
1.4012637063860893
1.38139408826828
1.3647761195898056
1.3433571234345436
1.3277175053954124
1.308455340564251
1.2904378548264503
1.275198943912983
1.2576876282691956
1.2437721267342567
1.230881355702877
1.2154127955436707
1.2009796053171158
1.2043890580534935
1.1820991486310959
1.1504505351185799
1.1340969875454903
1.1212240532040596
1.111013986170292
1.0989047065377235
1.0826503559947014
1.0653416141867638
1.051578514277935
1.0413989946246147
1.029542464762926
1.0170704871416092
1.011829201132059
1.0188790336251259
0.993577316403389
0.980172622948885
0.9655018597841263
0.9580699689686298
0.9445509910583496
0.9376596286892891
0.926352322101593
0.9166273958981037
0.9090417288243771
0.8999887108802795
0.8978535495698452
0.8819543235003948
0.8675005622208118
0.8596600815653801
0.8552381359040737
0.8457604646682739
0.8413415215909481
0.8257503397762775
0.8207556791603565
0.8111155740916729
0.8023854307830334
0.7984250821173191
0.7879041619598866
0.7817709147930145
0.7749453336000443
0.7716418206691742
0.7648155242204666
0.7577246762812138
0.75253776460886
0.7471990808844566
0.7355169244110584
0.7340852171182632
0.7209259606897831
0.7204186283051968
0.7179091684520245
0.7075350992381573
0.7017891071736813
0.7070742659270763
0.6991574354469776
0.6878206990659237
0.6770930215716362
0.6726085469126701
0.6710824556648731
0.6681440025568008
0.6617382653057575
0.651201955974102
0.6601661406457424
0.7088544070720673
0.653896152973175
0.6346026472747326
0.6312456913292408
0.6229100078344345
0.6203271262347698
0.6172326281666756
0.6149406470358372
0.6097817942500114
0.6074853427708149
0.6037776879966259
0.6032205671072006
0.5959087759256363
0.5899456217885017
0.5894307605922222
0.5829894170165062
0.578880675137043
0.5801586285233498
0.5737987011671066
0.5677913203835487
0.5664868056774139
0.5790816992521286
0.5619104467332363
0.5592059046030045
0.5561881884932518
0.5520303547382355
0.5514162927865982
0.5436696987599134
0.5405750442296267
0.5404649451375008
0.5349742881953716
0.531603729352355
0.5282558090984821
0.5258787740021944
0.5270323883742094
0.5208778250962496
0.524731308221817
0.5238613206893206
0.5269062034785748
0.5168271288275719
0.5094723831862211
0.5045796111226082
0.5076805036514997
0.5099112372845411
0.505699597299099
0.49971064925193787
0.49252068251371384
0.490620493888855
0.5003411490470171
0.49548009783029556
0.4821339622139931
0.47598944418132305
0.4781200438737869
0.4767308197915554
0.477475980296731
0.4709895830601454
0.4721951521933079
0.46873183734714985
0.4670658614486456
0.46268095821142197
0.46321067959070206
0.45874607376754284
0.4567107520997524
0.45427694357931614
0.44797288067638874
0.44701039232313633
0.45201176404953003
0.4487999230623245
0.4427625220268965
0.44162137247622013
0.4489920176565647
0.43666931986808777
0.4329196345061064
0.43309464305639267
0.4320399034768343
0.43133002147078514
0.42642281018197536
0.4254778269678354
0.4270632117986679
0.4233798682689667
0.4213817548006773
0.4197201691567898
