7.685306131839752
4.444719851016998
4.130979344248772
4.026696279644966
3.924676865339279
3.726493090391159
3.4985868632793427
3.17897529900074
2.8336773067712784
2.6506927609443665
2.5387642830610275
2.459865614771843
2.39212130010128
2.32280233502388
2.244279772043228
2.147186256945133
2.068462796509266
1.9850056990981102
1.9119576960802078
1.8505941703915596
1.793889343738556
1.7741345092654228
1.7151241898536682
1.6724791750311852
1.6434410884976387
1.6151346191763878
1.5978976488113403
1.5614768788218498
1.5282519087195396
1.4957221448421478
1.4693604409694672
1.449793666601181
1.4314099922776222
1.413949429988861
1.3820013925433159
1.36439698189497
1.3463725000619888
1.3220961391925812
1.3033514320850372
1.297837808728218
1.2804053351283073
1.266331858932972
1.2444711849093437
1.2309949919581413
1.2131993845105171
1.1977374330163002
1.1906881257891655
1.1718275025486946
1.1573224291205406
1.1537413820624352
1.1358835026621819
1.1150816828012466
1.1034559532999992
1.0912450551986694
1.0751254558563232
1.0604219622910023
1.0514494366943836
1.0447654575109482
1.0301819369196892
1.0153088979423046
1.0151424333453178
1.0010633617639542
0.9858932830393314
0.9830771498382092
0.9662490859627724
0.9587102346122265
0.9453285858035088
0.939783651381731
0.9293935187160969
0.9210070297122002
0.9115548990666866
0.9046015590429306
0.899746373295784
0.8930430673062801
0.9018409624695778
0.8752626441419125
0.8652368374168873
0.85520413890481
0.8497049398720264
0.8440840691328049
0.8328395485877991
0.8286577723920345
0.8245567418634892
0.8176069259643555
0.810811135917902
0.8012381009757519
0.7960804402828217
0.7884957380592823
0.7846281789243221
0.7801008746027946
0.7735615558922291
0.7667870372533798
0.7609920911490917
0.7870046570897102
0.7838844396173954
0.751145213842392
0.7377479113638401
0.7329610884189606
0.7316934354603291
0.7234845049679279
0.7186494804918766
0.7161046899855137
0.7073429636657238
0.7055474184453487
0.7002960108220577
0.696288101375103
0.6890390887856483
0.6913785189390182
0.6950924731791019
0.6817093156278133
0.6778873763978481
0.6698337458074093
0.6680860556662083
0.6682809442281723
0.6705738604068756
0.6621493548154831
0.6652814149856567
0.6508281975984573
0.643867239356041
0.64010389149189
0.6398807056248188
0.6391274183988571
0.6351419314742088
0.6257470436394215
0.6205716952681541
0.6188039593398571
0.611352875828743
0.6117206029593945
0.6073311641812325
0.6051431000232697
0.6073620803654194
0.5988019108772278
0.5933426208794117
0.5903853550553322
0.5885255187749863
0.589905709028244
0.5849812477827072
0.5815844610333443
0.5786801613867283
0.5758312158286572
0.5713902823626995
0.567276019603014
0.564005684107542
0.5700591988861561
0.5706833563745022
0.5597486756742001
0.5594439059495926
0.5544292405247688
0.5525979176163673
0.5487466156482697
0.54304264113307
0.536711061373353
0.5372541509568691
0.5411805864423513
0.5368922185152769
0.5327885374426842
0.5313936248421669
0.5328147988766432
0.526450052857399
0.522728668525815
0.5215814001858234
0.517930967733264
0.5108258370310068
0.5063667502254248
0.5033906493335962
0.5017607714980841
0.504686689004302
0.501467740163207
0.497025853022933
0.49682382866740227
0.4930280689150095
0.49039710871875286
0.4922079388052225
0.48978883400559425
0.4834139421582222
0.48303527012467384
0.47974448651075363
0.4786909334361553
0.4845750629901886
0.4855214189738035
0.483478419482708
0.4723081439733505
0.4711860716342926
0.4646556321531534
0.4599075112491846
0.4603600651025772
0.46038652397692204
0.4646860919892788
0.45813923329114914
0.45264725387096405
0.45033643022179604
0.4474029913544655
0.451524468138814
0.45123025961220264
0.4481823109090328
0.44359893910586834
0.4445829037576914
0.4370034523308277
0.43987780436873436
0.4454513434320688
