6.4344519674777985
4.2490682899951935
3.994860500097275
3.8250517398118973
3.5027030557394028
2.9136963933706284
2.647251158952713
2.5217558592557907
2.394348591566086
2.210279628634453
2.096756026148796
2.0289820209145546
1.9100383818149567
1.8135799020528793
1.741170346736908
1.6786648109555244
1.621549867093563
1.5644953399896622
1.51568603515625
1.4627411141991615
1.4140401780605316
1.374214194715023
1.3436674177646637
1.313248559832573
1.2930122911930084
1.251885525882244
1.2289516627788544
1.2036458849906921
1.1698706448078156
1.1360551044344902
1.101736232638359
1.0789635181427002
1.0474184602499008
1.0400072671473026
1.0016321018338203
0.9703838415443897
0.9535909481346607
0.9321415238082409
0.9249982237815857
0.8979609198868275
0.8745643086731434
0.8574213050305843
0.8424108624458313
0.8277335502207279
0.8057539649307728
0.7954006418585777
0.7964926697313786
0.7624192722141743
0.7437363602221012
0.7321662940084934
0.7199355512857437
0.7076235413551331
0.6953803338110447
0.6826080232858658
0.6717473864555359
0.6625570207834244
0.6532625779509544
0.6408048756420612
0.6315376311540604
0.6196120120584965
0.6170144006609917
0.6044544093310833
0.6003303229808807
0.5871739685535431
0.5753681138157845
0.5644408129155636
0.5574948377907276
0.5529759544879198
0.547948444262147
0.5375661700963974
0.5344968661665916
0.5189126003533602
0.5106388535350561
0.5008979458361864
0.4957197718322277
0.49259887263178825
0.48293435387313366
0.4742152187973261
0.467110862955451
0.46499644219875336
0.4575528670102358
0.4482411425560713
0.4420139193534851
0.43628768995404243
0.43349939957261086
0.4281938038766384
0.42080757208168507
0.41425769217312336
0.4097170140594244
0.40310963429510593
0.4040431696921587
0.39823024347424507
0.39849631674587727
0.399492958560586
0.3839219380170107
0.3754184190183878
0.3737749997526407
0.3699119836091995
0.3641723431646824
0.3599941320717335
0.36341409757733345
0.3509829491376877
0.34926898404955864
0.341368755325675
0.337149428203702
0.32969940081238747
0.3253924399614334
0.3197017163038254
0.3194086588919163
0.31206698901951313
0.309585265815258
0.3160638213157654
0.3079419620335102
0.30553332529962063
0.2998701985925436
0.29441039450466633
0.291521018370986
0.2846208903938532
0.2822629604488611
0.2850240636616945
0.28567302227020264
0.27394042536616325
0.2678021127358079
0.26201228704303503
0.2593710394576192
0.25738105829805136
0.2563544288277626
0.25413558818399906
0.2485183598473668
0.24703399185091257
0.24665250442922115
0.24132037535309792
0.23788570053875446
0.23447778541594744
0.22992234490811825
0.22686517052352428
0.22521316725760698
0.22163718938827515
0.21828882955014706
0.21569637022912502
0.21783201675862074
0.2188813192769885
0.2168672364205122
0.2114443900063634
0.20669559575617313
0.20288280677050352
0.2154046706855297
0.2012627124786377
0.1954015651717782
0.19060271885246038
0.18865299969911575
0.1846177950501442
0.18476924300193787
0.18712688144296408
0.18293324019759893
0.17970757465809584
0.17677166126668453
0.17146125994622707
0.16997267212718725
0.16925461404025555
0.17444682400673628
0.17719782330095768
0.17030002642422915
0.16953925043344498
0.16225610300898552
0.15668176393955946
0.15404193010181189
0.15430902689695358
0.15286380518227816
0.15233564376831055
0.14795498177409172
0.14608717802911997
0.14456411078572273
0.14273199066519737
0.1402437463402748
0.1398471025750041
0.13898094650357962
0.14296721573919058
0.1391093134880066
0.13807664532214403
0.13896361785009503
0.1363886259496212
0.14494838751852512
0.16438829246908426
0.1646119523793459
0.1398073355667293
0.12665795115754008
0.1214034860022366
0.12076162872835994
0.11883511068299413
0.11846898403018713
0.11498289136216044
0.11337679531425238
0.11117175687104464
0.10922736069187522
0.10682079102844
0.10565342148765922
0.1052176570519805
0.10490385722368956
0.10760111175477505
