7.114165157079697
4.391382545232773
4.025562942028046
3.750165343284607
3.1704112738370895
2.7996103316545486
2.6372016072273254
2.5416107177734375
2.4158929139375687
2.2805956304073334
2.1059871837496758
1.9706030935049057
1.8660224080085754
1.7719182893633842
1.7070664167404175
1.644604578614235
1.5756197199225426
1.5180494710803032
1.4621106386184692
1.4234806075692177
1.4045450687408447
1.3581352978944778
1.3272649720311165
1.2881743609905243
1.2516462355852127
1.2193021848797798
1.1848408803343773
1.1623918637633324
1.1427229791879654
1.1099073886871338
1.0754673518240452
1.0393594428896904
1.0242303051054478
0.9924751929938793
0.9677275754511356
0.9467905983328819
0.9267580769956112
0.9111344255506992
0.9000973850488663
0.8730388060212135
0.856727909296751
0.8377828598022461
0.8258218243718147
0.807603407651186
0.7923957593739033
0.7756219916045666
0.7698400467634201
0.7510129362344742
0.7341316230595112
0.7249200493097305
0.7140747494995594
0.6983945928514004
0.6969632394611835
0.688140518963337
0.6725784428417683
0.6598622910678387
0.6614661291241646
0.6451141275465488
0.6315641924738884
0.6311067081987858
0.6241820380091667
0.6016027815639973
0.5927454307675362
0.5831237696111202
0.5777109712362289
0.5684772357344627
0.5623143948614597
0.5554906073957682
0.5450605265796185
0.542277492582798
0.533698782324791
0.5316353030502796
0.5213359426707029
0.5157721471041441
0.512622157111764
0.5081940144300461
0.4973489474505186
0.4867645502090454
0.48482367023825645
0.4759409688413143
0.4733289796859026
0.4691554419696331
0.46207425743341446
0.4576709307730198
0.4484658408910036
0.4456507842987776
0.4413326382637024
0.43533455580472946
0.42882902547717094
0.4238376282155514
0.4220990967005491
0.41943175345659256
0.4146741610020399
0.40908024832606316
0.40705931559205055
0.40224518440663815
0.3936191722750664
0.38796662352979183
0.3822240587323904
0.37933155708014965
0.37629965506494045
0.3706179764121771
0.3655865080654621
0.3633926045149565
0.358539255335927
0.360987463966012
0.35136905685067177
0.3495976384729147
0.34754471108317375
0.34072923474013805
0.3353895917534828
0.33124251663684845
0.3331298269331455
0.33338620141148567
0.32404980063438416
0.3273770119994879
0.3176803234964609
0.31260338984429836
0.3126752804964781
0.30921125784516335
0.3072683531790972
0.29981695115566254
0.2978736851364374
0.29627773351967335
0.2966237775981426
0.2970083635300398
0.2882698383182287
0.28281373158097267
0.2772622723132372
0.2778382692486048
0.2733289375901222
0.2699864227324724
0.26692633144557476
0.2623892370611429
0.25910220108926296
0.25621875282377005
0.25382193084806204
0.2553089074790478
0.24964802619069815
0.2513015540316701
0.24737441912293434
0.2454513693228364
0.24056035745888948
0.23826477862894535
0.23672995064407587
0.23480185773223639
0.2305090557783842
0.2335306005552411
0.23282406572252512
0.22751948796212673
0.22180522792041302
0.22366976272314787
0.22305660881102085
0.21715406700968742
0.2109604636207223
0.2100063180550933
0.20555404666811228
0.20396718103438616
0.2041282905265689
0.20832922216504812
0.20146867539733648
0.19518756866455078
0.19332419335842133
0.18852253910154104
0.1867883214727044
0.20027957297861576
0.2301530046388507
0.21322378609329462
0.19388757087290287
0.1879543662071228
0.18180040270090103
0.17863490711897612
0.17366574425250292
0.1699092062190175
0.1666426295414567
0.1655486086383462
0.16307506151497364
0.16122373938560486
0.15923113469034433
0.1621747398748994
0.1587625527754426
0.1548172812908888
0.15333387535065413
0.1545584863051772
0.15508843027055264
0.15276575833559036
0.14867071900516748
0.14617444016039371
0.1456806594505906
0.14576678350567818
0.1445486256852746
0.14364154264330864
0.140460510738194
0.1372005231678486
0.1363801402039826
0.13241594936698675
0.1309882695786655
0.13034277269616723
0.12815813580527902
0.13115191645920277
