7.189705044031143
4.425215899944305
4.101572781801224
3.9956868290901184
3.9126325845718384
3.7811472415924072
3.475177615880966
2.938555970788002
2.6415736228227615
2.473907455801964
2.3139382898807526
2.1687333658337593
2.0575468987226486
1.9638027772307396
1.886814184486866
1.8188538253307343
1.7580142691731453
1.6859111338853836
1.6308516189455986
1.5731360465288162
1.5174725130200386
1.4554302468895912
1.4122125133872032
1.3700928911566734
1.3362412005662918
1.2916816025972366
1.256469912827015
1.223182238638401
1.1875079199671745
1.1578164026141167
1.120017148554325
1.114493615925312
1.0905172787606716
1.0481004379689693
1.0248042196035385
0.9984321370720863
0.9761055558919907
0.9557729661464691
0.9401877149939537
0.9232230074703693
0.9039257280528545
0.8927957005798817
0.8720421977341175
0.8540046662092209
0.8479501940310001
0.8452046103775501
0.8215341120958328
0.8007193617522717
0.7865194492042065
0.7745440639555454
0.761047039180994
0.7469564899802208
0.7391051836311817
0.7305225245654583
0.7169941812753677
0.7050455771386623
0.6934460885822773
0.6854629330337048
0.6760179214179516
0.667010273784399
0.6667379960417747
0.6520517133176327
0.6422874741256237
0.6340052857995033
0.6235245801508427
0.6227932833135128
0.614279679954052
0.607613317668438
0.6005127169191837
0.5930514633655548
0.5887298062443733
0.5811308324337006
0.568851076066494
0.5604017376899719
0.5558821596205235
0.5471866987645626
0.5378613378852606
0.5315857082605362
0.5240142606198788
0.5188167467713356
0.5136882308870554
0.5147754438221455
0.5064894538372755
0.49753101728856564
0.49137270264327526
0.4878483898937702
0.4934384245425463
0.4917934983968735
0.47979145869612694
0.47227931022644043
0.46646016649901867
0.45942976139485836
0.4531478527933359
0.4468981008976698
0.4431080278009176
0.43708872981369495
0.4313336033374071
0.4314111899584532
0.42747433111071587
0.4206353388726711
0.4384071845561266
0.44086336158216
0.4215351305902004
0.41124788112938404
0.4027189053595066
0.39565762504935265
0.3911946713924408
0.3873364422470331
0.38885726407170296
0.38670702278614044
0.3788170199841261
0.3749499060213566
0.3772851713001728
0.3708826005458832
0.36561141535639763
0.36175014078617096
0.3652623239904642
0.35762366838753223
0.34916056878864765
0.347762119024992
0.3465811684727669
0.34204551577568054
0.33753885701298714
0.33626082353293896
0.3340493328869343
0.3279414940625429
0.32543449848890305
0.32476926408708096
0.32278114184737206
0.31645192578434944
0.31174355559051037
0.31224690191447735
0.3101711217314005
0.30857886373996735
0.3038949128240347
0.300249420106411
0.30806247517466545
0.31426061131060123
0.3020248133689165
0.29635044001042843
0.2866171095520258
0.2869187518954277
0.2809076514095068
0.27848538011312485
0.27509021665900946
0.2733449963852763
0.27500458620488644
0.27190784737467766
0.2662532702088356
0.26912865322083235
0.26455677300691605
0.25894425343722105
0.25920483842492104
0.2568273860961199
0.2536428263410926
0.24814645946025848
0.24555683881044388
0.24718076549470425
0.24482246953994036
0.24603095930069685
0.2423769412562251
0.24195201601833105
0.23902753181755543
0.23737674579024315
0.23021811619400978
0.2301479820162058
0.22875388991087675
0.2282056761905551
0.22396017238497734
0.22427838575094938
0.21825046744197607
0.21606109850108624
0.21541740279644728
0.21443102601915598
0.21635784581303596
0.2078753039240837
0.20365199353545904
0.19959070160984993
0.1996426936239004
0.20253050420433283
0.2030851999297738
0.19740374200046062
0.19544996041804552
0.18955310620367527
0.18704201932996511
0.183929399587214
0.18556899577379227
0.182780297473073
0.17923524789512157
0.17896262276917696
0.17810143250972033
0.1854735193774104
0.178907485678792
0.16986049339175224
0.17090635746717453
0.16908374149352312
0.16573460772633553
0.16086906846612692
0.15879925061017275
0.1571973143145442
